# f 	 eps1 	 eps2
2.727272727272727344e+13	9.865293969437559651e-01	7.005450951342323540e-02
2.735240552435878125e+13	1.019510059390096313e+00	6.939467774693332258e-02
2.743208377599028906e+13	1.052157766835979391e+00	6.874451775415227339e-02
2.751176202762179297e+13	1.084478188498268603e+00	6.810377537020731453e-02
2.759144027925330078e+13	1.116476812422067200e+00	6.747220900905850915e-02
2.767111853088480859e+13	1.148157140247737518e+00	6.684963957375582300e-02
2.775079678251631641e+13	1.179526126161258848e+00	6.623579660385517376e-02
2.783047503414782422e+13	1.210588848592293321e+00	6.563046881466784443e-02
2.791015328577932812e+13	1.241350161500840876e+00	6.503345641641600228e-02
2.798983153741083594e+13	1.271814672221362574e+00	6.444457118686733321e-02
2.806950978904234375e+13	1.301985436046189548e+00	6.386367119143708526e-02
2.814918804067385156e+13	1.331868606938741539e+00	6.329053445939994416e-02
2.822886629230535938e+13	1.361468524395542223e+00	6.272499245341486840e-02
2.830854454393686328e+13	1.390789414714923788e+00	6.216688318131648183e-02
2.838822279556837109e+13	1.419835126283845783e+00	6.161605788593994826e-02
2.846790104719987891e+13	1.448608593988725879e+00	6.107239457980898067e-02
2.854757929883138672e+13	1.477115131584074703e+00	6.053571163899072738e-02
2.862725755046289453e+13	1.505358558471499686e+00	6.000586959050831226e-02
2.870693580209439844e+13	1.533342603310372754e+00	5.948273376638569393e-02
2.878661405372590625e+13	1.561070499325309280e+00	5.896618447879846403e-02
2.886629230535741406e+13	1.588545114539417380e+00	5.845611326726483231e-02
2.894597055698892188e+13	1.615771067465336719e+00	5.795236904308437992e-02
2.902564880862042969e+13	1.642751756799583518e+00	5.745483394001794919e-02
2.910532706025193750e+13	1.669490506822818521e+00	5.696339373579011739e-02
2.918500531188344141e+13	1.695990041989968722e+00	5.647795084610879313e-02
2.926468356351494922e+13	1.722253196032947908e+00	5.599840629650559148e-02
2.934436181514645703e+13	1.748284001804110144e+00	5.552463280559997993e-02
2.942404006677796484e+13	1.774085510359915574e+00	5.505652907485349828e-02
2.950371831840946875e+13	1.799660710557511756e+00	5.459399664853361450e-02
2.958339657004097656e+13	1.825011899199118437e+00	5.413695520759371355e-02
2.966307482167248438e+13	1.850141895205382303e+00	5.368531265984403944e-02
2.974275307330399219e+13	1.875054230956450407e+00	5.323896075361510272e-02
2.982243132493550000e+13	1.899751665083170504e+00	5.279781124030057810e-02
2.990210957656700781e+13	1.924236903394305864e+00	5.236177814402508818e-02
2.998178782819851172e+13	1.948511878506185679e+00	5.193079493939219832e-02
3.006146607983001953e+13	1.972579405709083966e+00	5.150477470502263372e-02
3.014114433146152734e+13	1.996442584746483062e+00	5.108362471776672215e-02
3.022082258309303516e+13	2.020103924578710242e+00	5.066726724896419842e-02
3.030050083472454297e+13	2.043565888705785483e+00	5.025562642550843867e-02
3.038017908635604688e+13	2.066830096331062183e+00	4.984864695071825058e-02
3.045985733798755469e+13	2.089899364985099428e+00	4.944624592961898574e-02
3.053953558961906250e+13	2.112776416910965516e+00	4.904834352853509188e-02
3.061921384125057031e+13	2.135463545225858795e+00	4.865487066912909525e-02
3.069889209288207812e+13	2.157963003482013420e+00	4.826575981544111577e-02
3.077857034451358203e+13	2.180276138866551694e+00	4.788096495421564902e-02
3.085824859614508984e+13	2.202405773613251405e+00	4.750040644014879437e-02
3.093792684777659766e+13	2.224354298066297808e+00	4.712401528957444602e-02
3.101760509940810547e+13	2.246123816775213555e+00	4.675172965837606082e-02
3.109728335103961328e+13	2.267716399528638682e+00	4.638348900421491311e-02
3.117696160267111719e+13	2.289133155799864650e+00	4.601925508730748959e-02
3.125663985430262500e+13	2.310376912812915240e+00	4.565895097775924533e-02
3.133631810593413281e+13	2.331449767289488051e+00	4.530251693085896036e-02
3.141599635756564062e+13	2.352353657572514578e+00	4.494989723995199138e-02
3.149567460919714844e+13	2.373090491219184361e+00	4.460103731142860822e-02
3.157535286082865625e+13	2.393661168806175077e+00	4.425590548279326880e-02
3.165503111246016016e+13	2.414068521467187090e+00	4.391442716749444086e-02
3.173470936409166797e+13	2.434314384833391909e+00	4.357655056257363213e-02
3.181438761572317578e+13	2.454400549642192786e+00	4.324222523222276404e-02
3.189406586735468359e+13	2.474328697708588543e+00	4.291140350393221614e-02
3.197374411898618750e+13	2.494099789616624374e+00	4.258405392459978928e-02
3.205342237061769531e+13	2.513716414086496709e+00	4.226010939198850125e-02
3.213310062224920312e+13	2.533180255073120168e+00	4.193952318187877532e-02
3.221277887388071094e+13	2.552492971380131870e+00	4.162224943217231188e-02
3.229245712551221875e+13	2.571656027870981465e+00	4.130824681070232457e-02
3.237213537714372656e+13	2.590670485290648806e+00	4.099748301944258072e-02
3.245181362877523047e+13	2.609538668430547936e+00	4.068989851748837372e-02
3.253149188040673828e+13	2.628262140165338767e+00	4.038545068944782157e-02
3.261117013203824609e+13	2.646842440716720368e+00	4.008409767712980964e-02
3.269084838366975391e+13	2.665280840270201068e+00	3.978580368897880609e-02
3.277052663530125781e+13	2.683578489956342850e+00	3.949053568069232217e-02
3.285020488693276562e+13	2.701737475991381032e+00	3.919824078268635548e-02
3.292988313856427344e+13	2.719759251997624361e+00	3.890887999858431284e-02
3.300956139019578125e+13	2.737645251101796795e+00	3.862241500176306214e-02
3.308923964182728906e+13	2.755396568320766626e+00	3.833881486609153066e-02
3.316891789345879688e+13	2.773014435991756788e+00	3.805804590908488938e-02
3.324859614509030078e+13	2.790500724104857611e+00	3.778006117391840418e-02
3.332827439672180859e+13	2.807856787276858501e+00	3.750482487308399310e-02
3.340795264835331641e+13	2.825083961507063535e+00	3.723230181507955483e-02
3.348763089998482422e+13	2.842183183837267979e+00	3.696246536352174733e-02
3.356730915161632812e+13	2.859155759249711881e+00	3.669528130816376160e-02
3.364698740324783594e+13	2.876003361320723428e+00	3.643070795254928218e-02
3.372666565487934375e+13	2.892727254607404319e+00	3.616871237072179918e-02
3.380634390651085156e+13	2.909328686696103450e+00	3.590926216988874625e-02
3.388602215814235938e+13	2.925808451886665384e+00	3.565233450843166563e-02
3.396570040977386719e+13	2.942167919859413061e+00	3.539789475661687945e-02
3.404537866140537500e+13	2.958408585426526738e+00	3.514590591292588578e-02
3.412505691303687891e+13	2.974531630948750838e+00	3.489633761592296490e-02
3.420473516466838672e+13	2.990538223268990770e+00	3.464915998329713698e-02
3.428441341629989453e+13	3.006429027503284779e+00	3.440435353951621505e-02
3.436409166793139844e+13	3.022205470680574546e+00	3.416188333876285510e-02
3.444376991956290625e+13	3.037868884638737832e+00	3.392171658113814908e-02
3.452344817119441406e+13	3.053420376495526334e+00	3.368382521348844971e-02
3.460312642282592188e+13	3.068861039139959335e+00	3.344818161494175074e-02
3.468280467445742969e+13	3.084191420619564195e+00	3.321476930249408349e-02
3.476248292608893750e+13	3.099412998534064823e+00	3.298355311120194228e-02
3.484216117772044531e+13	3.114526955925433160e+00	3.275450400992602901e-02
3.492183942935194922e+13	3.129534330849974566e+00	3.252759603105289526e-02
3.500151768098345703e+13	3.144436148284646571e+00	3.230280359835856901e-02
3.508119593261496484e+13	3.159232850072055232e+00	3.208011289410896139e-02
3.516087418424647266e+13	3.173925958145702886e+00	3.185948862393322978e-02
3.524055243587797656e+13	3.188516519524565496e+00	3.164090514376963897e-02
3.532023068750948438e+13	3.203005508724894757e+00	3.142433837661670615e-02
3.539990893914099219e+13	3.217393883518976594e+00	3.120976469371095421e-02
3.547958719077250000e+13	3.231682003397372771e+00	3.099717237626952934e-02
3.555926544240400781e+13	3.245871414816030143e+00	3.078652636092777881e-02
3.563894369403551562e+13	3.259963045004743876e+00	3.057780395994264683e-02
3.571862194566702344e+13	3.273957809892394710e+00	3.037098281532262661e-02
3.579830019729853125e+13	3.287856550538728051e+00	3.016604213829145523e-02
3.587797844893003125e+13	3.301659715963850772e+00	2.996296887473489517e-02
3.595765670056153906e+13	3.315368708820778387e+00	2.976173144666700507e-02
3.603733495219304688e+13	3.328984401359147416e+00	2.956230876231799240e-02
3.611701320382455469e+13	3.342507655379834741e+00	2.936468003084531653e-02
3.619669145545606250e+13	3.355939204977770540e+00	2.916882702546017003e-02
3.627636970708757031e+13	3.369279580531660656e+00	2.897473552021351609e-02
3.635604795871907812e+13	3.382530052213013505e+00	2.878237710060761387e-02
3.643572621035058594e+13	3.395691441401490263e+00	2.859173213267663521e-02
3.651540446198209375e+13	3.408764559798905136e+00	2.840278125770906437e-02
3.659508271361359375e+13	3.421750043394297780e+00	2.821550856265699417e-02
3.667476096524510938e+13	3.434648496413007290e+00	2.802989879795908523e-02
3.675443921687660938e+13	3.447461066865910695e+00	2.784592642398004553e-02
3.683411746850811719e+13	3.460188528985433276e+00	2.766357314129989919e-02
3.691379572013962500e+13	3.472831648025634266e+00	2.748282090279625944e-02
3.699347397177113281e+13	3.485390969936539296e+00	2.730365588688527662e-02
3.707315222340264062e+13	3.497867165882928564e+00	2.712606195463180409e-02
3.715283047503414844e+13	3.510261271141622785e+00	2.695001618179595701e-02
3.723250872666565625e+13	3.522574016179241152e+00	2.677550149313010983e-02
3.731218697829716406e+13	3.534806123120451282e+00	2.660250104508303862e-02
3.739186522992867188e+13	3.546958055234819440e+00	2.643100290803546831e-02
3.747154348156017188e+13	3.559030544274443653e+00	2.626099017514463285e-02
3.755122173319168750e+13	3.571024521406573005e+00	2.609244230377628579e-02
3.763089998482318750e+13	3.582940676411500824e+00	2.592534334368186075e-02
3.771057823645469531e+13	3.594779691307978808e+00	2.575967755776312207e-02
3.779025648808620312e+13	3.606541953408248791e+00	2.559543472892926441e-02
3.786993473971771094e+13	3.618228249209010539e+00	2.543259729225188018e-02
3.794961299134921875e+13	3.629839413670997050e+00	2.527114687561501580e-02
3.802929124298072656e+13	3.641376098699304897e+00	2.511106856438581961e-02
3.810896949461223438e+13	3.652838948968077482e+00	2.495234764033755354e-02
3.818864774624373438e+13	3.664228281983684887e+00	2.479497543721252695e-02
3.826832599787525000e+13	3.675544933612389986e+00	2.463893383121643771e-02
3.834800424950675000e+13	3.686789649860726659e+00	2.448420642980935619e-02
3.842768250113825781e+13	3.697963047330441899e+00	2.433077927319012360e-02
3.850736075276976562e+13	3.709065735878325221e+00	2.417863858280659695e-02
3.858703900440127344e+13	3.720097968840737401e+00	2.402777709727908426e-02
3.866671725603278125e+13	3.731060626507862743e+00	2.387817622352322172e-02
3.874639550766428906e+13	3.741954372596044021e+00	2.372982137556629498e-02
3.882607375929579688e+13	3.752779790761316292e+00	2.358269947524210819e-02
3.890575201092730469e+13	3.763537458360796339e+00	2.343679761188002808e-02
3.898543026255881250e+13	3.774227569730585152e+00	2.329210979703134551e-02
3.906510851419031250e+13	3.784851045033554851e+00	2.314861704913111565e-02
3.914478676582182812e+13	3.795408471826718255e+00	2.300630643177658391e-02
3.922446501745332812e+13	3.805900402985743280e+00	2.286516568196078625e-02
3.930414326908483594e+13	3.816327372870638168e+00	2.272518291629176124e-02
3.938382152071634375e+13	3.826689559445234590e+00	2.258635262592560700e-02
3.946349977234785156e+13	3.836987880675724938e+00	2.244865618754197586e-02
3.954317802397935938e+13	3.847222866233406258e+00	2.231208194701673336e-02
3.962285627561086719e+13	3.857395040205760406e+00	2.217661839600205270e-02
3.970253452724237500e+13	3.867504870542346040e+00	2.204225506138679166e-02
3.978221277887388281e+13	3.877552599318217830e+00	2.190898547849383371e-02
3.986189103050539062e+13	3.887539062327845851e+00	2.177679277503431071e-02
3.994156928213689062e+13	3.897464761936235256e+00	2.164566600696685855e-02
4.002124753376840625e+13	3.907330195278579055e+00	2.151559436543339782e-02
4.010092578539990625e+13	3.917135768783995164e+00	2.138656866649486440e-02
4.018060403703141406e+13	3.926881783403890491e+00	2.125858159220045743e-02
4.026028228866292188e+13	3.936568998462091074e+00	2.113161787954183010e-02
4.033996054029442969e+13	3.946197890738783354e+00	2.100566724325194853e-02
4.041963879192593750e+13	3.955768932111246805e+00	2.088071952356328892e-02
4.049931704355744531e+13	3.965282472003913483e+00	2.075676671531346759e-02
4.057899529518895312e+13	3.974738865398756538e+00	2.063380074070624709e-02
4.065867354682045312e+13	3.984138800425257365e+00	2.051180781644082810e-02
4.073835179845196875e+13	3.993482729869415326e+00	2.039077826908861080e-02
4.081803005008346875e+13	4.002771101916618335e+00	2.027070254185319928e-02
4.089770830171497656e+13	4.012004213160393462e+00	2.015157370761628056e-02
4.097738655334648438e+13	4.021182468125974907e+00	2.003338301385429107e-02
4.105706480497799219e+13	4.030306488636067108e+00	1.991611803840808229e-02
4.113674305660950000e+13	4.039376704954189101e+00	1.979976967668313492e-02
4.121642130824100781e+13	4.048393543023195207e+00	1.968432893258492689e-02
4.129609955987251562e+13	4.057357250466603560e+00	1.956978986503644241e-02
4.137577781150402344e+13	4.066268277196064318e+00	1.945614312433859711e-02
4.145545606313553125e+13	4.075127183258825170e+00	1.934337754087371922e-02
4.153513431476703125e+13	4.083934377759380396e+00	1.923148453942034528e-02
4.161481256639854688e+13	4.092690265741095956e+00	1.912045564578851095e-02
4.169449081803004688e+13	4.101395049431722839e+00	1.901028582083940516e-02
4.177416906966155469e+13	4.110049220277342208e+00	1.890096518835785583e-02
4.185384732129306250e+13	4.118653280754132062e+00	1.879248373170435554e-02
4.193352557292457031e+13	4.127207620072256056e+00	1.868483336877032122e-02
4.201320382455607812e+13	4.135712623621629724e+00	1.857800611161053439e-02
4.209288207618758594e+13	4.144168451545539256e+00	1.847199774608038192e-02
4.217256032781909375e+13	4.152575633253855258e+00	1.836679793382657577e-02
4.225223857945060156e+13	4.160934617555762216e+00	1.826239771983104512e-02
4.233191683108210938e+13	4.169245774941485294e+00	1.815878948173529558e-02
4.241159508271360938e+13	4.177509472304872240e+00	1.805596568501991253e-02
4.249127333434511719e+13	4.185725830774485345e+00	1.795392287008761717e-02
4.257095158597662500e+13	4.193895414413308487e+00	1.785265029509746498e-02
4.265062983760813281e+13	4.202018621991244984e+00	1.775213998275891950e-02
4.273030808923964062e+13	4.210095806370379279e+00	1.765238473972833080e-02
4.280998634087114844e+13	4.218127317024655376e+00	1.755337745467063643e-02
4.288966459250265625e+13	4.226113238915615078e+00	1.745511535799249350e-02
4.296934284413416406e+13	4.234054167688825920e+00	1.735758735779135975e-02
4.304902109576567188e+13	4.241950455448210811e+00	1.726078637740519756e-02
4.312869934739717188e+13	4.249802438443749608e+00	1.716470562415722823e-02
4.320837759902868750e+13	4.257610434675087596e+00	1.706933862585837888e-02
4.328805585066018750e+13	4.265374540748288368e+00	1.697468251216474600e-02
4.336773410229169531e+13	4.273095335874832479e+00	1.688072662135223570e-02
4.344741235392320312e+13	4.280773143687507165e+00	1.678746446262202943e-02
4.352709060555471094e+13	4.288408284770630630e+00	1.669488961778857819e-02
4.360676885718621875e+13	4.296001035988084027e+00	1.660299639368731373e-02
4.368644710881772656e+13	4.303551539829734374e+00	1.651178126800767476e-02
4.376612536044923438e+13	4.311060324645748842e+00	1.642123455044438782e-02
4.384580361208074219e+13	4.318527699114815377e+00	1.633135010516502741e-02
4.392548186371225000e+13	4.325953969038126345e+00	1.624212186427999652e-02
4.400516011534375000e+13	4.333339372901552800e+00	1.615354485247437466e-02
4.408483836697526562e+13	4.340684095697926459e+00	1.606561495770690226e-02
4.416451661860676562e+13	4.347988618125535609e+00	1.597832338936370014e-02
4.424419487023827344e+13	4.355253234743967639e+00	1.589166434384379351e-02
4.432387312186978125e+13	4.362478237394897818e+00	1.580563208116573387e-02
4.440355137350128906e+13	4.369663828756379154e+00	1.572022228750545939e-02
4.448322962513279688e+13	4.376810233171999798e+00	1.563543031827462765e-02
4.456290787676430469e+13	4.383917886684856491e+00	1.555124821631345688e-02
4.464258612839581250e+13	4.390987070515222079e+00	1.546767048919946846e-02
4.472226438002731250e+13	4.398018063314608206e+00	1.538469170412393866e-02
4.480194263165882812e+13	4.405011034349885612e+00	1.530230815680174578e-02
4.488162088329032812e+13	4.411966244375499002e+00	1.522051472264735611e-02
4.496129913492184375e+13	4.418884087578867970e+00	1.513930421674974415e-02
4.504097738655334375e+13	4.425764832569883289e+00	1.505867143835105254e-02
4.512065563818485156e+13	4.432608745529134531e+00	1.497861124259211758e-02
4.520033388981635938e+13	4.439415964548299343e+00	1.489912048681140549e-02
4.528001214144786719e+13	4.446186784049861451e+00	1.482019361472406392e-02
4.535969039307937500e+13	4.452921558982428252e+00	1.474182415707840817e-02
4.543936864471087500e+13	4.459620546027389665e+00	1.466400718667753428e-02
4.551904689634239062e+13	4.466283999567379759e+00	1.458673782877483935e-02
4.559872514797389062e+13	4.472912028605988688e+00	1.451001345811694238e-02
4.567840339960540625e+13	4.479504958674115578e+00	1.443382813111414309e-02
4.575808165123690625e+13	4.486063107928913496e+00	1.435817604182281632e-02
4.583775990286841406e+13	4.492586721761688828e+00	1.428305251979696336e-02
4.591743815449992188e+13	4.499076043387249868e+00	1.420845294383732069e-02
4.599711640613142969e+13	4.505531154670188165e+00	1.413437516527800940e-02
4.607679465776293750e+13	4.511952409860472635e+00	1.406081289403338618e-02
4.615647290939444531e+13	4.518340092613816417e+00	1.398776093901115888e-02
4.623615116102595312e+13	4.524694437629587895e+00	1.391521487089435009e-02
4.631582941265745312e+13	4.531015677545277676e+00	1.384317030663406202e-02
4.639550766428896875e+13	4.537303868907469173e+00	1.377162553644814894e-02
4.647518591592046875e+13	4.543559392454244339e+00	1.370057396126911527e-02
4.655486416755198438e+13	4.549782499483722376e+00	1.363001095998098849e-02
4.663454241918348438e+13	4.555973414564168600e+00	1.355993232986625954e-02
4.671422067081499219e+13	4.562132360309504087e+00	1.349033391170369710e-02
4.679389892244650000e+13	4.568259369650358614e+00	1.342121439975538233e-02
4.687357717407800781e+13	4.574354847729404483e+00	1.335256692045667763e-02
4.695325542570951562e+13	4.580419015495056811e+00	1.328438738108961639e-02
4.703293367734102344e+13	4.586452087910745767e+00	1.321667179201184948e-02
4.711261192897253125e+13	4.592454262936908727e+00	1.314941642977398781e-02
4.719229018060403125e+13	4.598425596928430892e+00	1.308261968464289812e-02
4.727196843223554688e+13	4.604366472037613178e+00	1.301627511608909223e-02
4.735164668386704688e+13	4.610277095894195654e+00	1.295037889597257588e-02
4.743132493549856250e+13	4.616157674350884754e+00	1.288492723512813659e-02
4.751100318713006250e+13	4.622008378384339977e+00	1.281991687128239063e-02
4.759068143876157031e+13	4.627829297717320323e+00	1.275534574744510360e-02
4.767035969039307812e+13	4.633620781238501074e+00	1.269120799873647669e-02
4.775003794202458594e+13	4.639383027840944251e+00	1.262749998802441265e-02
4.782971619365609375e+13	4.645116234730897631e+00	1.256421811487709941e-02
4.790939444528759375e+13	4.650820547572017460e+00	1.250135954456040033e-02
4.798907269691910938e+13	4.656496087211496437e+00	1.243892181144056787e-02
4.806875094855060938e+13	4.662143171211699411e+00	1.237689958689840164e-02
4.814842920018212500e+13	4.667761990170895103e+00	1.231528941370216464e-02
4.822810745181362500e+13	4.673352733085351929e+00	1.225408786919798994e-02
4.830778570344513281e+13	4.678915521873093120e+00	1.219329251497273253e-02
4.838746395507664062e+13	4.684450506401360848e+00	1.213290051249173683e-02
4.846714220670814844e+13	4.689957974726585377e+00	1.207290703276125976e-02
4.854682045833965625e+13	4.695438109567879437e+00	1.201330878808248327e-02
4.862649870997116406e+13	4.700891092122184922e+00	1.195410252335250834e-02
4.870617696160267188e+13	4.706317022032847852e+00	1.189528616749393856e-02
4.878585521323417188e+13	4.711716076212644211e+00	1.183685654216111265e-02
4.886553346486568750e+13	4.717088514923280407e+00	1.177880928389734606e-02
4.894521171649718750e+13	4.722434513395937117e+00	1.172114126485328256e-02
4.902488996812870312e+13	4.727754245414798717e+00	1.166384938792355136e-02
4.910456821976020312e+13	4.733047789729511123e+00	1.160693192244454004e-02
4.918424647139171094e+13	4.738315348445283348e+00	1.155038538089763964e-02
4.926392472302321875e+13	4.743557155638318257e+00	1.149420583363090255e-02
4.934360297465472656e+13	4.748773379420335061e+00	1.143839030359391530e-02
4.942328122628623438e+13	4.753964186526874691e+00	1.138293584274880851e-02
4.950295947791774219e+13	4.759129636110863260e+00	1.132784103583112621e-02
4.958263772954925000e+13	4.764269953730331686e+00	1.127310211452038288e-02
4.966231598118075000e+13	4.769385348789920265e+00	1.121871555341797874e-02
4.974199423281226562e+13	4.774475982629116544e+00	1.116467851780815479e-02
4.982167248444376562e+13	4.779542015277977285e+00	1.111098820036778533e-02
4.990135073607528125e+13	4.784583487511230970e+00	1.105764347798157340e-02
4.998102898770678125e+13	4.789600646706293929e+00	1.100464032780070454e-02
5.006070723933828906e+13	4.794593679021077470e+00	1.095197560114892499e-02
5.014038549096979688e+13	4.799562739350222706e+00	1.089964659772418853e-02
5.022006374260130469e+13	4.804507981341920697e+00	1.084765064310046385e-02
5.029974199423281250e+13	4.809429428537861817e+00	1.079598688469463920e-02
5.037942024586431250e+13	4.814327348600815348e+00	1.074465106946219731e-02
5.045909849749582812e+13	4.819201905783383033e+00	1.069364039979078460e-02
5.053877674912732812e+13	4.824053248844247577e+00	1.064295230237492437e-02
5.061845500075884375e+13	4.828881524909648171e+00	1.059258423453444259e-02
5.069813325239034375e+13	4.833686742701070571e+00	1.054253557560382720e-02
5.077781150402185156e+13	4.838469187389372372e+00	1.049280188338843137e-02
5.085748975565335938e+13	4.843229003030653068e+00	1.044338068124789874e-02
5.093716800728486719e+13	4.847966332539190404e+00	1.039426951592377878e-02
5.101684625891637500e+13	4.852681303423962866e+00	1.034546615348585705e-02
5.109652451054788281e+13	4.857373950749352964e+00	1.029696963488942359e-02
5.117620276217939062e+13	4.862044535689750369e+00	1.024877590125446332e-02
5.125588101381089062e+13	4.866693196678588684e+00	1.020088259073731116e-02
5.133555926544240625e+13	4.871320071061111534e+00	1.015328736361154581e-02
5.141523751707390625e+13	4.875925267859924972e+00	1.010598827363889257e-02
5.149491576870542188e+13	4.880508846858753635e+00	1.005898404986794656e-02
5.157459402033692188e+13	4.885071046539191109e+00	1.001227099218577124e-02
5.165427227196842969e+13	4.889611999975175927e+00	9.965846847356006968e-03
5.173395052359993750e+13	4.894131839203098799e+00	9.919709383072983569e-03
5.181362877523144531e+13	4.898630655825291669e+00	9.873856921138575438e-03
5.189330702686295312e+13	4.903108532814489884e+00	9.828287903347091362e-03
5.197298527849445312e+13	4.907565687190258430e+00	9.782998965400845418e-03
5.205266353012596875e+13	4.912002246915757375e+00	9.737987956862420927e-03
5.213234178175746875e+13	4.916418338964526846e+00	9.693252747111174433e-03
5.221202003338898438e+13	4.920814038523977807e+00	9.648791907643870097e-03
5.229169828502048438e+13	4.925189450313025574e+00	9.604603615961580104e-03
5.237137653665199219e+13	4.929544771051500796e+00	9.560684822114440609e-03
5.245105478828350000e+13	4.933880123827046660e+00	9.517033473010142602e-03
5.253073303991500781e+13	4.938195630783026147e+00	9.473647534326863975e-03
5.261041129154651562e+13	4.942491351640217800e+00	9.430525810125732489e-03
5.269008954317802344e+13	4.946767411503185663e+00	9.387666235003096216e-03
5.276976779480953125e+13	4.951023987889966449e+00	9.345066053270963125e-03
5.284944604644103125e+13	4.955261199235308389e+00	9.302723304058532414e-03
5.292912429807254688e+13	4.959479163072577634e+00	9.260636044282205548e-03
5.300880254970404688e+13	4.963677924550712994e+00	9.218803294566533732e-03
5.308848080133556250e+13	4.967857627876621329e+00	9.177222766529212136e-03
5.316815905296706250e+13	4.972018432404094135e+00	9.135891979944660291e-03
5.324783730459857031e+13	4.976160452125726330e+00	9.094809061347569959e-03
5.332751555623007812e+13	4.980283800173351594e+00	9.053972154135397563e-03
5.340719380786158594e+13	4.984388507968596116e+00	9.013380480546338488e-03
5.348687205949309375e+13	4.988474737610022913e+00	8.973031547784927897e-03
5.356655031112460156e+13	4.992542631267944842e+00	8.932923133486873196e-03
5.364622856275610938e+13	4.996592298692404732e+00	8.893053447063306235e-03
5.372590681438760938e+13	5.000623848811168948e+00	8.853420713918432050e-03
5.380558506601912500e+13	5.004637300115827969e+00	8.814024343932823358e-03
5.388526331765062500e+13	5.008632831454241874e+00	8.774861657197041698e-03
5.396494156928214062e+13	5.012610568740590189e+00	8.735930672723931506e-03
5.404461982091364062e+13	5.016570617671490595e+00	8.697229678539640171e-03
5.412429807254514844e+13	5.020513083157777778e+00	8.658756977844857261e-03
5.420397632417665625e+13	5.024437971513901147e+00	8.620512155102521418e-03
5.428365457580816406e+13	5.028345477258897134e+00	8.582492359409429894e-03
5.436333282743967188e+13	5.032235710927908556e+00	8.544695835712986381e-03
5.444301107907117188e+13	5.036108774343436068e+00	8.507120946642750259e-03
5.452268933070268750e+13	5.039964765719538775e+00	8.469766106006778109e-03
5.460236758233418750e+13	5.043803688476434566e+00	8.432630950315260498e-03
5.468204583396570312e+13	5.047625743214906535e+00	8.395712583017720526e-03
5.476172408559720312e+13	5.051431028778144317e+00	8.359009423750297582e-03
5.484140233722871094e+13	5.055219643284579512e+00	8.322519905967769999e-03
5.492108058886021875e+13	5.058991671087303743e+00	8.286242643518765272e-03
5.500075884049172656e+13	5.062747135381553854e+00	8.250177034040805796e-03
5.508043709212323438e+13	5.066486219891751297e+00	8.214320428835889323e-03
5.516011534375474219e+13	5.070209019886886992e+00	8.178671315497775679e-03
5.523979359538625000e+13	5.073915629942653105e+00	8.143228194746401916e-03
5.531947184701775000e+13	5.077606121299499620e+00	8.107989867630475619e-03
5.539915009864926562e+13	5.081280535796705244e+00	8.072955510199427559e-03
5.547882835028076562e+13	5.084939041141069538e+00	8.038122706687704858e-03
5.555850660191228125e+13	5.088581729182115154e+00	8.003490009251015141e-03
5.563818485354378125e+13	5.092208691105948759e+00	7.969055982518312431e-03
5.571786310517528906e+13	5.095819985748866188e+00	7.934819602696516899e-03
5.579754135680679688e+13	5.099415672523591958e+00	7.900779840427843773e-03
5.587721960843830469e+13	5.102995903933361888e+00	7.866934498862637737e-03
5.595689786006981250e+13	5.106560768555174157e+00	7.833282191516284174e-03
5.603657611170131250e+13	5.110110354330982929e+00	7.799821543761437971e-03
5.611625436333282812e+13	5.113644708363922042e+00	7.766551695667463749e-03
5.619593261496432812e+13	5.117163906626418068e+00	7.733471427619083814e-03
5.627561086659584375e+13	5.120668087190158424e+00	7.700578748511040066e-03
5.635528911822734375e+13	5.124157335499177179e+00	7.667872330197043375e-03
5.643496736985885938e+13	5.127631736389426820e+00	7.635350855806805580e-03
5.651464562149035938e+13	5.131091325866503183e+00	7.603013618673872161e-03
5.659432387312186719e+13	5.134536195502516165e+00	7.570859223111282149e-03
5.667400212475337500e+13	5.137966469669855485e+00	7.538885871377406372e-03
5.675368037638488281e+13	5.141382230812224563e+00	7.507092290812450441e-03
5.683335862801639062e+13	5.144783560790886945e+00	7.475477219483851569e-03
5.691303687964789062e+13	5.148170485116142281e+00	7.444040094043138586e-03
5.699271513127940625e+13	5.151543110050438301e+00	7.412779356016488408e-03
5.707239338291090625e+13	5.154901546961636605e+00	7.381693389385180284e-03
5.715207163454242188e+13	5.158245875419205539e+00	7.350780974282960199e-03
5.723174988617392188e+13	5.161576174434538089e+00	7.320040901052406179e-03
5.731142813780542969e+13	5.164892459593420249e+00	7.289472740326842330e-03
5.739110638943693750e+13	5.168194850987145372e+00	7.259074783287716714e-03
5.747078464106844531e+13	5.171483447638388853e+00	7.228845584691580978e-03
5.755046289269995312e+13	5.174758326362307592e+00	7.198783974921604649e-03
5.763014114433146094e+13	5.178019563439153927e+00	7.168888794079912932e-03
5.770981939596296875e+13	5.181267165071260727e+00	7.139159738016273050e-03
5.778949764759446875e+13	5.184501264362451955e+00	7.109594959221210604e-03
5.786917589922598438e+13	5.187721948616147216e+00	7.080193172928104378e-03
5.794885415085748438e+13	5.190929292007259832e+00	7.050953257365079330e-03
5.802853240248900000e+13	5.194123368197874235e+00	7.021874100016149006e-03
5.810821065412050000e+13	5.197304174519854492e+00	6.992955513716440398e-03
5.818788890575200781e+13	5.200471856315989072e+00	6.964195523181654530e-03
5.826756715738351562e+13	5.203626489764703322e+00	6.935592994431973371e-03
5.834724540901502344e+13	5.206768146509262785e+00	6.907146851267061474e-03
5.842692366064653125e+13	5.209896893628204850e+00	6.878856075255215287e-03
5.850660191227803125e+13	5.213012732288131446e+00	6.850720441634094125e-03
5.858628016390954688e+13	5.216115807118835157e+00	6.822738004422288123e-03
5.866595841554104688e+13	5.219206187811064268e+00	6.794907722356387583e-03
5.874563666717256250e+13	5.222283943579824950e+00	6.767228562657193539e-03
5.882531491880406250e+13	5.225349131419978477e+00	6.739699641199209217e-03
5.890499317043557031e+13	5.228401767601814853e+00	6.712320561314323066e-03
5.898467142206707812e+13	5.231441984539558554e+00	6.685089542949401546e-03
5.906434967369858594e+13	5.234469849574917788e+00	6.658005586623809251e-03
5.914402792533009375e+13	5.237485429593099262e+00	6.631067700944640042e-03
5.922370617696160156e+13	5.240488772017505958e+00	6.604275127944162806e-03
5.930338442859310938e+13	5.243479907415822261e+00	6.577627310632872676e-03
5.938306268022460938e+13	5.246458956571763643e+00	6.551122625452265001e-03
5.946274093185612500e+13	5.249425984572725135e+00	6.524760112757109314e-03
5.954241918348762500e+13	5.252381056067941145e+00	6.498538820614559695e-03
5.962209743511914062e+13	5.255324209396099455e+00	6.472458109540919248e-03
5.970177568675064062e+13	5.258255488656167209e+00	6.446517273118805916e-03
5.978145393838214844e+13	5.261175003557994501e+00	6.420714835385995731e-03
5.986113219001365625e+13	5.264082817024936745e+00	6.395049874688697213e-03
5.994081044164516406e+13	5.266978991559656542e+00	6.369521476729903334e-03
6.002048869327667188e+13	5.269863556878836341e+00	6.344129113281891247e-03
6.010016694490817969e+13	5.272736569884620472e+00	6.318871938744428755e-03
6.017984519653968750e+13	5.275598129742710363e+00	6.293748616356231729e-03
6.025952344817118750e+13	5.278448297298500513e+00	6.268758260708096747e-03
6.033920169980270312e+13	5.281287132993354838e+00	6.243899993410709399e-03
6.041887995143420312e+13	5.284114658361789729e+00	6.219173390682686438e-03
6.049855820306571875e+13	5.286930942417089163e+00	6.194577477377135807e-03
6.057823645469721875e+13	5.289736074285038114e+00	6.170111048011094057e-03
6.065791470632872656e+13	5.292530112815144072e+00	6.145773251764531306e-03
6.073759295796023438e+13	5.295313116468774339e+00	6.121563244518041236e-03
6.081727120959174219e+13	5.298085099016580202e+00	6.097480700519947346e-03
6.089694946122325000e+13	5.300846140925063565e+00	6.073524524141169986e-03
6.097662771285475000e+13	5.303596321760148058e+00	6.049693633698815728e-03
6.105630596448626562e+13	5.306335698453760408e+00	6.025987211392763547e-03
6.113598421611776562e+13	5.309064327564855468e+00	6.002404445820719130e-03
6.121566246774928125e+13	5.311782215498027426e+00	5.978945103213438930e-03
6.129534071938078125e+13	5.314489453547457387e+00	5.955607975986897985e-03
6.137501897101228906e+13	5.317186112176353063e+00	5.932392099198122680e-03
6.145469722264379688e+13	5.319872246473789090e+00	5.909296686578634737e-03
6.153437547427530469e+13	5.322547911170350865e+00	5.886320957970553151e-03
6.161405372590681250e+13	5.325213105683003434e+00	5.863464765886899563e-03
6.169373197753832031e+13	5.327867931538748714e+00	5.840726798811246394e-03
6.177341022916982812e+13	5.330512450533479551e+00	5.818106201873611549e-03
6.185308848080132812e+13	5.333146715984771191e+00	5.795602218925259390e-03
6.193276673243284375e+13	5.335770780865520813e+00	5.773214099655517816e-03
6.201244498406434375e+13	5.338384637965113200e+00	5.750941777485779616e-03
6.209212323569585938e+13	5.340988398477620969e+00	5.728783844515390224e-03
6.217180148732735938e+13	5.343582115946415634e+00	5.706739549650540963e-03
6.225147973895886719e+13	5.346165841985691891e+00	5.684808165522312398e-03
6.233115799059037500e+13	5.348739623267054988e+00	5.662989022317837032e-03
6.241083624222188281e+13	5.351303460128298717e+00	5.641281973369765591e-03
6.249051449385339062e+13	5.353857459059025103e+00	5.619685677425555019e-03
6.257019274548489844e+13	5.356401670356460087e+00	5.598199429242440954e-03
6.264987099711640625e+13	5.358936143996502643e+00	5.576822528959230960e-03
6.272954924874791406e+13	5.361460919132747804e+00	5.555554399697108618e-03
6.280922750037941406e+13	5.363976007821090519e+00	5.534394768835772596e-03
6.288890575201092188e+13	5.366481507491108083e+00	5.513342409539573330e-03
6.296858400364242969e+13	5.368977466851743152e+00	5.492396643101114112e-03
6.304826225527393750e+13	5.371463934302789234e+00	5.471556795958835116e-03
6.312794050690544531e+13	5.373940941840535501e+00	5.450822378820345017e-03
6.320761875853695312e+13	5.376408512652155025e+00	5.430193001061340077e-03
6.328729701016846094e+13	5.378866735517324749e+00	5.409667544095840379e-03
6.336697526179996875e+13	5.381315657616681847e+00	5.389245354592371064e-03
6.344665351343147656e+13	5.383755325833349481e+00	5.368925784141337886e-03
6.352633176506298438e+13	5.386185765350187005e+00	5.348708425982270052e-03
6.360601001669448438e+13	5.388607009926277946e+00	5.328592778990995024e-03
6.368568826832599219e+13	5.391019140082781824e+00	5.308577826993437360e-03
6.376536651995750000e+13	5.393422201529385340e+00	5.288662940932271732e-03
6.384504477158900781e+13	5.395816239689365190e+00	5.268847496459166425e-03
6.392472302322051562e+13	5.398201273260054833e+00	5.249131164567467922e-03
6.400440127485202344e+13	5.400577346039129978e+00	5.229513340717947649e-03
6.408407952648353125e+13	5.402944530662852962e+00	5.209993105621505902e-03
6.416375777811503906e+13	5.405302871424790823e+00	5.190569853447611973e-03
6.424343602974654688e+13	5.407652412342733861e+00	5.171242982872332507e-03
6.432311428137805469e+13	5.409993165941207494e+00	5.152012238125172443e-03
6.440279253300955469e+13	5.412325185547935291e+00	5.132876917941614839e-03
6.448247078464106250e+13	5.414648536270995294e+00	5.113836194683701528e-03
6.456214903627257031e+13	5.416963261040293354e+00	5.094889484751799480e-03
6.464182728790407812e+13	5.419269402520134449e+00	5.076036208860371622e-03
6.472150553953558594e+13	5.421566967360522682e+00	5.057276180203080194e-03
6.480118379116709375e+13	5.423856017934245877e+00	5.038608607107257671e-03
6.488086204279860156e+13	5.426136612161833739e+00	5.020032748629025751e-03
6.496054029443010938e+13	5.428408791659717458e+00	5.001548042452353890e-03
6.504021854606161719e+13	5.430672597788491984e+00	4.983153930392142383e-03
6.511989679769312500e+13	5.432928031608201813e+00	4.964850290565908826e-03
6.519957504932463281e+13	5.435175164074134813e+00	4.946636246858567357e-03
6.527925330095613281e+13	5.437414046244581023e+00	4.928511140324574880e-03
6.535893155258764062e+13	5.439644718470576734e+00	4.910474429030093312e-03
6.543860980421914844e+13	5.441867220856608789e+00	4.892525574997939886e-03
6.551828805585065625e+13	5.444081549144318188e+00	4.874664517447785915e-03
6.559796630748216406e+13	5.446287782430206725e+00	4.856890301456463083e-03
6.567764455911367188e+13	5.448485965221121496e+00	4.839202345627641004e-03
6.575732281074517969e+13	5.450676136648690218e+00	4.821600127551762226e-03
6.583700106237668750e+13	5.452858335606924456e+00	4.804083128610007851e-03
6.591667931400819531e+13	5.455032552778157573e+00	4.786651345508756428e-03
6.599635756563970312e+13	5.457198874979130920e+00	4.769303749838418698e-03
6.607603581727120312e+13	5.459357340462180908e+00	4.752039833535767754e-03
6.615571406890271094e+13	5.461507987183573221e+00	4.734859092898721818e-03
6.623539232053421875e+13	5.463650848106500035e+00	4.717761078416021076e-03
6.631507057216572656e+13	5.465785923393414514e+00	4.700745689185661762e-03
6.639474882379723438e+13	5.467913292887508270e+00	4.683811980012561084e-03
6.647442707542874219e+13	5.470032993634365681e+00	4.666959461612569388e-03
6.655410532706025000e+13	5.472145062457115294e+00	4.650187648213118669e-03
6.663378357869175781e+13	5.474249526595025728e+00	4.633496156298112442e-03
6.671346183032326562e+13	5.476346395431590075e+00	4.616884791146181471e-03
6.679314008195477344e+13	5.478435741948302073e+00	4.600352688498885768e-03
6.687281833358627344e+13	5.480517602090123397e+00	4.583899376405268719e-03
6.695249658521778125e+13	5.482592011587487768e+00	4.567524386281139777e-03
6.703217483684928906e+13	5.484658992215986295e+00	4.551227396993440429e-03
6.711185308848079688e+13	5.486718562145145306e+00	4.535008125572516889e-03
6.719153134011230469e+13	5.488770787789325922e+00	4.518865784547317251e-03
6.727120959174381250e+13	5.490815704031973610e+00	4.502799918587000773e-03
6.735088784337532031e+13	5.492853345549585597e+00	4.486810075589512010e-03
6.743056609500682812e+13	5.494883728902861364e+00	4.470895993379771574e-03
6.751024434663833594e+13	5.496906880631537540e+00	4.455057306017143164e-03
6.758992259826984375e+13	5.498922860864723816e+00	4.439293298878193433e-03
6.766960084990134375e+13	5.500931703461826139e+00	4.423603532572542400e-03
6.774927910153285156e+13	5.502933442082570181e+00	4.407987570806984508e-03
6.782895735316435938e+13	5.504928088310675705e+00	4.392445207116325856e-03
6.790863560479586719e+13	5.506915676658487691e+00	4.376975997588443239e-03
6.798831385642737500e+13	5.508896261239680570e+00	4.361579296706010432e-03
6.806799210805888281e+13	5.510869874925554690e+00	4.346254680371038938e-03
6.814767035969039062e+13	5.512836550394713875e+00	4.331001727457267289e-03
6.822734861132189844e+13	5.514796294481395300e+00	4.315820284128591908e-03
6.830702686295340625e+13	5.516749149290389731e+00	4.300709833238161410e-03
6.838670511458491406e+13	5.518695163178207075e+00	4.285669794820921516e-03
6.846638336621642188e+13	5.520634368062511399e+00	4.270699759453219259e-03
6.854606161784792188e+13	5.522566795674989315e+00	4.255799320563435385e-03
6.862573986947942969e+13	5.524492448317987581e+00	4.240968374022203308e-03
6.870541812111093750e+13	5.526411375325167796e+00	4.226206333936015705e-03
6.878509637274244531e+13	5.528310225288870505e+00	4.211649359787950769e-03
6.886477462437395312e+13	5.530204198610136679e+00	4.197142167637675503e-03
6.894445287600546094e+13	5.532098171931403741e+00	4.182634975487400236e-03
6.902413112763696875e+13	5.533992145252669914e+00	4.168127783337124102e-03
6.910380937926847656e+13	5.535886118573936088e+00	4.153620591186848836e-03
6.918348763089998438e+13	5.537780091895202261e+00	4.139113399036572702e-03
6.926316588253149219e+13	5.539646135142876737e+00	4.124889986001540471e-03
6.934284413416299219e+13	5.541500740981927464e+00	4.110782780956044949e-03
6.942252238579450000e+13	5.543355346820979079e+00	4.096675575910548560e-03
6.950220063742600781e+13	5.545209952660029806e+00	4.082568370865052171e-03
6.958187888905751562e+13	5.547064558499081421e+00	4.068461165819555782e-03
6.966155714068902344e+13	5.548919164338133037e+00	4.054353960774058525e-03
6.974123539232053125e+13	5.550748812822214440e+00	4.040498585998758205e-03
6.982091364395203906e+13	5.552565136140493962e+00	4.026777667783797490e-03
6.990059189558354688e+13	5.554381459458773485e+00	4.013056749568836776e-03
6.998027014721505469e+13	5.556197782777052119e+00	3.999335831353876061e-03
7.005994839884656250e+13	5.558014106095331641e+00	3.985614913138915347e-03
7.013962665047806250e+13	5.559830429413611164e+00	3.971893994923955500e-03
7.021930490210957031e+13	5.561624621128795631e+00	3.958394867600126786e-03
7.029898315374107812e+13	5.563403709708895306e+00	3.945047095683087458e-03
7.037866140537259375e+13	5.565182798288994981e+00	3.931699323766047263e-03
7.045833965700409375e+13	5.566961886869094656e+00	3.918351551849009670e-03
7.053801790863559375e+13	5.568740975449194330e+00	3.905003779931972077e-03
7.061769616026710938e+13	5.570520064029294005e+00	3.891656008014931882e-03
7.069737441189862500e+13	5.572279707026469353e+00	3.878501786204207984e-03
7.077705266353012500e+13	5.574022572993387215e+00	3.865514553267129609e-03
7.085673091516162500e+13	5.575765438960305076e+00	3.852527320330050801e-03
7.093640916679312500e+13	5.577508304927222937e+00	3.839540087392971993e-03
7.101608741842464062e+13	5.579251170894141687e+00	3.826552854455891016e-03
7.109576567005615625e+13	5.580994036861059548e+00	3.813565621518809606e-03
7.117544392168765625e+13	5.582720010383751763e+00	3.800745392416581339e-03
7.125512217331915625e+13	5.584427631653860580e+00	3.788106599258051019e-03
7.133480042495067188e+13	5.586135252923970285e+00	3.775467806099518531e-03
7.141447867658218750e+13	5.587842874194079101e+00	3.762829012940986043e-03
7.149415692821368750e+13	5.589550495464187918e+00	3.750190219782455724e-03
7.157383517984518750e+13	5.591258116734296735e+00	3.737551426623925838e-03
7.165351343147670312e+13	5.592951272305276333e+00	3.725054687804613823e-03
7.173319168310821875e+13	5.594624593966909032e+00	3.712752719584427787e-03
7.181286993473971875e+13	5.596297915628541730e+00	3.700450751364243920e-03
7.189254818637121875e+13	5.597971237290173541e+00	3.688148783144060486e-03
7.197222643800271875e+13	5.599644558951806239e+00	3.675846814923876618e-03
7.205190468963423438e+13	5.601317880613438938e+00	3.663544846703690582e-03
7.213158294126575000e+13	5.602979043073953669e+00	3.651361488293176395e-03
7.221126119289725000e+13	5.604618978703283183e+00	3.639385192039337313e-03
7.229093944452875000e+13	5.606258914332611809e+00	3.627408895785498230e-03
7.237061769616026562e+13	5.607898849961940435e+00	3.615432599531656545e-03
7.245029594779178125e+13	5.609538785591269949e+00	3.603456303277815295e-03
7.252997419942328125e+13	5.611178721220598575e+00	3.591480007023976212e-03
7.260965245105478125e+13	5.612808689724582578e+00	3.579600294748111824e-03
7.268933070268628125e+13	5.614416122640243145e+00	3.567938958051076505e-03
7.276900895431779688e+13	5.616023555555904601e+00	3.556277621354039017e-03
7.284868720594931250e+13	5.617630988471565168e+00	3.544616284657001529e-03
7.292836545758081250e+13	5.619238421387225735e+00	3.532954947959966643e-03
7.300804370921231250e+13	5.620845854302886302e+00	3.521293611262931323e-03
7.308772196084382812e+13	5.622445403268342190e+00	3.509708170324245431e-03
7.316740021247534375e+13	5.624021187728044602e+00	3.498351501148322298e-03
7.324707846410684375e+13	5.625596972187747014e+00	3.486994831972401333e-03
7.332675671573834375e+13	5.627172756647449425e+00	3.475638162796480368e-03
7.340643496736984375e+13	5.628748541107151837e+00	3.464281493620559402e-03
7.348611321900135938e+13	5.630324325566855137e+00	3.452924824444636269e-03
7.356579147063287500e+13	5.631894205586498003e+00	3.441624624182196713e-03
7.364546972226437500e+13	5.633439167928687041e+00	3.430562731728494484e-03
7.372514797389587500e+13	5.634984130270876079e+00	3.419500839274792255e-03
7.380482622552739062e+13	5.636529092613065117e+00	3.408438946821088292e-03
7.388450447715890625e+13	5.638074054955253267e+00	3.397377054367383895e-03
7.396418272879040625e+13	5.639619017297442305e+00	3.386315161913681666e-03
7.404386098042190625e+13	5.641159956010596055e+00	3.375291501203722504e-03
7.412353923205342188e+13	5.642674895744019814e+00	3.364514877763359699e-03
7.420321748368492188e+13	5.644189835477442685e+00	3.353738254322999063e-03
7.428289573531643750e+13	5.645704775210865556e+00	3.342961630882636259e-03
7.436257398694793750e+13	5.647219714944289315e+00	3.332185007442275623e-03
7.444225223857943750e+13	5.648734654677712186e+00	3.321408384001914987e-03
7.452193049021095312e+13	5.650247357605302057e+00	3.310652877359427596e-03
7.460160874184246875e+13	5.651733048449202101e+00	3.300152381099668089e-03
7.468128699347396875e+13	5.653218739293100370e+00	3.289651884839910317e-03
7.476096524510546875e+13	5.654704430136999527e+00	3.279151388580152978e-03
7.484064349673698438e+13	5.656190120980898683e+00	3.268650892320393471e-03
7.492032174836850000e+13	5.657675811824797840e+00	3.258150396060633964e-03
7.500000000000000000e+13	5.659160963169224345e+00	3.247654960404442164e-03
