# f 	 eps1 	 eps2
2.727272727272727344e+13	2.048565137251486590e+01	8.847052640005477198e-01
2.735240552435878125e+13	2.051745800726480695e+01	8.921486667010344318e-01
2.743208377599028906e+13	2.054941646172294867e+01	8.996800776841061831e-01
2.751176202762179297e+13	2.058153200208805700e+01	9.073006611353265916e-01
2.759144027925330078e+13	2.061380979217622311e+01	9.150116175855030898e-01
2.767111853088480859e+13	2.064625591016141115e+01	9.228147258635037709e-01
2.775079678251631641e+13	2.067887444167396893e+01	9.307107555264526599e-01
2.783047503414782422e+13	2.071167025725813815e+01	9.387009922718116961e-01
2.791015328577932812e+13	2.074464820305598067e+01	9.467867803828206030e-01
2.798983153741083594e+13	2.077781313765689220e+01	9.549695364482675419e-01
2.806950978904234375e+13	2.081117085129057642e+01	9.632512111884775630e-01
2.814918804067385156e+13	2.084472496533379271e+01	9.716327034151982511e-01
2.822886629230535938e+13	2.087848012877899606e+01	9.801155016942644238e-01
2.830854454393686328e+13	2.091244095671565972e+01	9.887011311102402722e-01
2.838822279556837109e+13	2.094661224966971957e+01	9.973912592396104726e-01
2.846790104719987891e+13	2.098099948348183830e+01	1.006187931370381206e+00
2.854757929883138672e+13	2.101560613220012996e+01	1.015092254197577981e+00
2.862725755046289453e+13	2.105043672506270269e+01	1.024105903857444710e+00
2.870693580209439844e+13	2.108549578115346179e+01	1.033230595377594874e+00
2.878661405372590625e+13	2.112078819817595843e+01	1.042468268936748821e+00
2.886629230535741406e+13	2.115631919905710134e+01	1.051821060206682867e+00
2.894597055698892188e+13	2.119209225566253707e+01	1.061290301981527850e+00
2.902564880862042969e+13	2.122811188484675071e+01	1.070877872293709787e+00
2.910532706025193750e+13	2.126438261167683308e+01	1.080585691604369236e+00
2.918500531188344141e+13	2.130090955648254791e+01	1.090416002365894865e+00
2.926468356351494922e+13	2.133769772610793680e+01	1.100371028961946829e+00
2.934436181514645703e+13	2.137475070738800298e+01	1.110452355695777049e+00
2.942404006677796484e+13	2.141207308965498157e+01	1.120662082385890601e+00
2.950371831840946875e+13	2.144966948549163277e+01	1.131002355868509612e+00
2.958339657004097656e+13	2.148754534594801058e+01	1.141475758138642105e+00
2.966307482167248438e+13	2.152570548181671128e+01	1.152084602181416617e+00
2.974275307330399219e+13	2.156415369526866854e+01	1.162830756055216019e+00
2.982243132493550000e+13	2.160289471913106851e+01	1.173716566494273250e+00
2.990210957656700781e+13	2.164193332250631485e+01	1.184744432889235366e+00
2.998178782819851172e+13	2.168127538597324033e+01	1.195917321887428830e+00
3.006146607983001953e+13	2.172092553220376132e+01	1.207237635974716561e+00
3.014114433146152734e+13	2.176088786966163013e+01	1.218707566297841938e+00
3.022082258309303516e+13	2.180116733748465663e+01	1.230329737028224457e+00
3.030050083472454297e+13	2.184176892297903194e+01	1.242106831756077279e+00
3.038017908635604688e+13	2.188269903130649396e+01	1.254042255472964218e+00
3.045985733798755469e+13	2.192396209567691656e+01	1.266138501744858313e+00
3.053953558961906250e+13	2.196556261750585648e+01	1.278398131922517278e+00
3.061921384125057031e+13	2.200750580070387841e+01	1.290824084024436491e+00
3.069889209288207812e+13	2.204979690873146936e+01	1.303419363508442119e+00
3.077857034451358203e+13	2.209244296666747331e+01	1.316187877141359319e+00
3.085824859614508984e+13	2.213544820931674906e+01	1.329132211628662130e+00
3.093792684777659766e+13	2.217881761716382272e+01	1.342255354497322584e+00
3.101760509940810547e+13	2.222255671576163039e+01	1.355560600699189155e+00
3.109728335103961328e+13	2.226667110154377482e+01	1.369051322094660073e+00
3.117696160267111719e+13	2.231116851827390235e+01	1.382732001954358081e+00
3.125663985430262500e+13	2.235605298672634689e+01	1.396605322541977889e+00
3.133631810593413281e+13	2.240133005497479601e+01	1.410674763835854106e+00
3.141599635756564062e+13	2.244700562758919915e+01	1.424944028555837017e+00
3.149567460919714844e+13	2.249308569166334593e+01	1.439416907497280684e+00
3.157535286082865625e+13	2.253957881449819922e+01	1.454098548451245421e+00
3.165503111246016016e+13	2.258648878093270440e+01	1.468991731949606416e+00
3.173470936409166797e+13	2.263382180002525246e+01	1.484100508851538880e+00
3.181438761572317578e+13	2.268158421493676968e+01	1.499429049607413633e+00
3.189406586735468359e+13	2.272978269439961352e+01	1.514981745089819531e+00
3.197374411898618750e+13	2.277842605021818301e+01	1.530764153903299229e+00
3.205342237061769531e+13	2.282751849549671519e+01	1.546779515320199971e+00
3.213310062224920312e+13	2.287706676998084276e+01	1.563032424818657784e+00
3.221277887388071094e+13	2.292707771865125466e+01	1.579527591405361919e+00
3.229245712551221875e+13	2.297755884039774443e+01	1.596270129603241328e+00
3.237213537714372656e+13	2.302851906241834357e+01	1.613265980464519300e+00
3.245181362877523047e+13	2.307996324458709481e+01	1.630518996261622000e+00
3.253149188040673828e+13	2.313189868263100735e+01	1.648034377018026575e+00
3.261117013203824609e+13	2.318433279155766158e+01	1.665817454149753241e+00
3.269084838366975391e+13	2.323727401766737799e+01	1.683874187594128768e+00
3.277052663530125781e+13	2.329073139700573947e+01	1.702210941142914491e+00
3.285020488693276562e+13	2.334471053813500063e+01	1.720832288654738695e+00
3.292988313856427344e+13	2.339921936586677020e+01	1.739744130895057417e+00
3.300956139019578125e+13	2.345426593968018025e+01	1.758952521261303747e+00
3.308923964182728906e+13	2.350985978327573278e+01	1.778464410248714156e+00
3.316891789345879688e+13	2.356601003170811026e+01	1.798286630932559582e+00
3.324859614509030078e+13	2.362272315499083319e+01	1.818424608881351823e+00
3.332827439672180859e+13	2.368000778735173029e+01	1.838885060141930650e+00
3.340795264835331641e+13	2.373787271466033388e+01	1.859674878735793735e+00
3.348763089998482422e+13	2.379632868302529403e+01	1.880802179280645081e+00
3.356730915161632812e+13	2.385538491277808504e+01	1.902274318179033807e+00
3.364698740324783594e+13	2.391504886102912408e+01	1.924097729121518219e+00
3.372666565487934375e+13	2.397532996021515217e+01	1.946280080320454076e+00
3.380634390651085156e+13	2.403623781322140118e+01	1.968829248318551217e+00
3.388602215814235938e+13	2.409778455100963868e+01	1.991754720132175693e+00
3.396570040977386719e+13	2.415997946071956193e+01	2.015064438595454810e+00
3.404537866140537500e+13	2.422283112721855147e+01	2.038766034171681785e+00
3.412505691303687891e+13	2.428634987963328129e+01	2.062868291477783611e+00
3.420473516466838672e+13	2.435054623842011523e+01	2.087380239971289964e+00
3.428441341629989453e+13	2.441543390184449436e+01	2.112312989934474139e+00
3.436409166793139844e+13	2.448102219950526148e+01	2.137675144758263812e+00
3.444376991956290625e+13	2.454732100193028899e+01	2.163475760048529484e+00
3.452344817119441406e+13	2.461434164430031757e+01	2.189724934718776161e+00
3.460312642282592188e+13	2.468209567631100043e+01	2.216433056626548215e+00
3.468280467445742969e+13	2.475059856868917763e+01	2.243613162690479612e+00
3.476248292608893750e+13	2.481985966172382163e+01	2.271274604478759507e+00
3.484216117772044531e+13	2.488989028904504508e+01	2.299428140273886978e+00
3.492183942935194922e+13	2.496070291323506041e+01	2.328085422783510605e+00
3.500151768098345703e+13	2.503231023707882841e+01	2.357258447177438931e+00
3.508119593261496484e+13	2.510472973440099409e+01	2.386962545410899139e+00
3.516087418424647266e+13	2.517797071492262262e+01	2.417207921484155975e+00
3.524055243587797656e+13	2.525204617463537460e+01	2.448007375034558564e+00
3.532023068750948438e+13	2.532696983774194521e+01	2.479374403756323009e+00
3.539990893914099219e+13	2.540275573826337308e+01	2.511322941123985242e+00
3.547958719077250000e+13	2.547942348808083679e+01	2.543870979262212728e+00
3.555926544240400781e+13	2.555698243667069036e+01	2.577029783699496868e+00
3.563894369403551562e+13	2.563544742428026524e+01	2.610814582449790588e+00
3.571862194566702344e+13	2.571483358430327115e+01	2.645241073943697785e+00
3.579830019729853125e+13	2.579515698838642734e+01	2.680325896726477364e+00
3.587797844893003125e+13	2.587643800740924149e+01	2.716089064699707123e+00
3.595765670056153906e+13	2.595868762944711960e+01	2.752544244544677277e+00
3.603733495219304688e+13	2.604192223160483621e+01	2.789709207383042955e+00
3.611701320382455469e+13	2.612615851713714221e+01	2.827602289167800986e+00
3.619669145545606250e+13	2.621141486338051507e+01	2.866243404274546158e+00
3.627636970708757031e+13	2.629771240717560588e+01	2.905654919802194591e+00
3.635604795871907812e+13	2.638506399898029997e+01	2.945853433037941116e+00
3.643572621035058594e+13	2.647348772291895003e+01	2.986859774913601218e+00
3.651540446198209375e+13	2.656300202437616420e+01	3.028695457941468216e+00
3.659508271361359375e+13	2.665362788193459664e+01	3.071384380264564395e+00
3.667476096524510938e+13	2.674538718870239506e+01	3.114951664377440199e+00
3.675443921687660938e+13	2.683829490193787493e+01	3.159417498583173778e+00
3.683411746850811719e+13	2.693237099190527672e+01	3.204806413968885881e+00
3.691379572013962500e+13	2.702763582641621909e+01	3.251143768335643003e+00
3.699347397177113281e+13	2.712411330648807350e+01	3.298458326040064392e+00
3.707315222340264062e+13	2.722182604612680024e+01	3.346778456103737920e+00
3.715283047503414844e+13	2.732079137101527522e+01	3.396128765590951115e+00
3.723250872666565625e+13	2.742103131950356598e+01	3.446538283563275407e+00
3.731218697829716406e+13	2.752256836321808819e+01	3.498037047187017023e+00
3.739186522992867188e+13	2.762542966687921364e+01	3.550659792608724885e+00
3.747154348156017188e+13	2.772963849095186717e+01	3.604438738849970569e+00
3.755122173319168750e+13	2.783521480068881360e+01	3.659403954349071952e+00
3.763089998482318750e+13	2.794218287623461450e+01	3.715589965533975914e+00
3.771057823645469531e+13	2.805056746315470662e+01	3.773032534869342758e+00
3.779025648808620312e+13	2.816039933949423002e+01	3.831773762585475307e+00
3.786993473971771094e+13	2.827170227870402286e+01	3.891850463779054525e+00
3.794961299134921875e+13	2.838449915157386982e+01	3.953299488078870993e+00
3.802929124298072656e+13	2.849881662656398618e+01	4.016162117921092900e+00
3.810896949461223438e+13	2.861468186102865729e+01	4.080481159722632256e+00
3.818864774624373438e+13	2.873212958243371418e+01	4.146307840259074950e+00
3.826832599787525000e+13	2.885118385479649916e+01	4.213684498536403034e+00
3.834800424950675000e+13	2.897187068910314878e+01	4.282656444377360039e+00
3.842768250113825781e+13	2.909421922994149767e+01	4.353273309727238249e+00
3.850736075276976562e+13	2.921825911722735825e+01	4.425586616139322693e+00
3.858703900440127344e+13	2.934402931200089526e+01	4.499658959345673281e+00
3.866671725603278125e+13	2.947155381240091998e+01	4.575539362446478187e+00
3.874639550766428906e+13	2.960086192832401863e+01	4.653283741634297144e+00
3.882607375929579688e+13	2.973198525805073444e+01	4.732952105898927009e+00
3.890575201092730469e+13	2.986495587099223670e+01	4.814606820312634206e+00
3.898543026255881250e+13	2.999981712876368078e+01	4.898324716457686634e+00
3.906510851419031250e+13	3.013659240478007106e+01	4.984162959076361865e+00
3.914478676582182812e+13	3.027531431610023205e+01	5.072190826229444838e+00
3.922446501745332812e+13	3.041601669858943424e+01	5.162481295343887666e+00
3.930414326908483594e+13	3.055873418432450705e+01	5.255110771544480031e+00
3.938382152071634375e+13	3.070351327132799568e+01	5.350172581414910589e+00
3.946349977234785156e+13	3.085037704812988579e+01	5.447735290980532774e+00
3.954317802397935938e+13	3.099936077220564457e+01	5.547884617340238300e+00
3.962285627561086719e+13	3.115049997290702422e+01	5.650709830497275377e+00
3.970253452724237500e+13	3.130383223504813373e+01	5.756306271154695509e+00
3.978221277887388281e+13	3.145940366437838520e+01	5.864784301166503511e+00
3.986189103050539062e+13	3.161723879742884336e+01	5.976230411368419482e+00
3.994156928213689062e+13	3.177737377163602872e+01	6.090749945854455838e+00
4.002124753376840625e+13	3.193984472206287606e+01	6.208452740953076976e+00
4.010092578539990625e+13	3.210469118032877844e+01	6.329458275335990258e+00
4.018060403703141406e+13	3.227195702302161351e+01	6.453897946128753560e+00
4.026028228866292188e+13	3.244166686459213622e+01	6.581881219805815419e+00
4.033996054029442969e+13	3.261385595840801699e+01	6.713538294801304929e+00
4.041963879192593750e+13	3.278855906785076968e+01	6.849005068735381840e+00
4.049931704355744531e+13	3.296581566978670708e+01	6.988431893410806950e+00
4.057899529518895312e+13	3.314566445145743501e+01	7.131976234510452706e+00
4.065867354682045312e+13	3.332812758765776806e+01	7.279777074646523793e+00
4.073835179845196875e+13	3.351323637189366167e+01	7.431996171410438556e+00
4.081803005008346875e+13	3.370102077458665235e+01	7.588802524269775418e+00
4.089770830171497656e+13	3.389151656720483885e+01	7.750386049029197366e+00
4.097738655334648438e+13	3.408475253088923296e+01	7.916936561097909220e+00
4.105706480497799219e+13	3.428074400073443684e+01	8.088630975949252289e+00
4.113674305660950000e+13	3.447951311569673294e+01	8.265671142588507436e+00
4.121642130824100781e+13	3.468107930220916302e+01	8.448268099681524035e+00
4.129609955987251562e+13	3.488546827205576051e+01	8.636662443013001678e+00
4.137577781150402344e+13	3.509269143721688522e+01	8.831084036331336762e+00
4.145545606313553125e+13	3.530274982991851118e+01	9.031758412882064491e+00
4.153513431476703125e+13	3.551564783664402825e+01	9.238938190329507805e+00
4.161481256639854688e+13	3.573138485171212153e+01	9.452887575863188729e+00
4.169449081803004688e+13	3.594996578042967172e+01	9.673911806757802267e+00
4.177416906966155469e+13	3.617137292127262072e+01	9.902289899812934948e+00
4.185384732129306250e+13	3.639558059979440685e+01	1.013830921679944552e+01
4.193352557292457031e+13	3.662256142774280931e+01	1.038228607632521339e+01
4.201320382455607812e+13	3.685227933474868678e+01	1.063455120652483998e+01
4.209288207618758594e+13	3.708470061421594011e+01	1.089549141763042428e+01
4.217256032781909375e+13	3.731976008777506593e+01	1.116544489692060083e+01
4.225223857945060156e+13	3.755738510102234073e+01	1.144477636033211709e+01
4.233191683108210938e+13	3.779749393316584616e+01	1.173388051721289749e+01
4.241159508271360938e+13	3.803999029578305624e+01	1.203316949246203293e+01
4.249127333434511719e+13	3.828477290853852111e+01	1.234313083686862988e+01
4.257095158597662500e+13	3.853170070291517391e+01	1.266417123864330208e+01
4.265062983760813281e+13	3.878062149363763922e+01	1.299674920364177311e+01
4.273030808923964062e+13	3.903136354147528664e+01	1.334135233299052103e+01
4.280998634087114844e+13	3.928373134176788284e+01	1.369848815065545011e+01
4.288966459250265625e+13	3.953750992929969499e+01	1.406876358824211337e+01
4.296934284413416406e+13	3.979243920441983562e+01	1.445265856277457850e+01
4.304902109576567188e+13	4.004823642131798067e+01	1.485073866917108987e+01
4.312869934739717188e+13	4.030458475769686544e+01	1.526359368584228271e+01
4.320837759902868750e+13	4.056112964028972101e+01	1.569183925619394238e+01
4.328805585066018750e+13	4.081747140445828848e+01	1.613619620077649230e+01
4.336773410229169531e+13	4.107316741244213887e+01	1.659722600003637183e+01
4.344741235392320312e+13	4.132772732088156431e+01	1.707559666642810470e+01
4.352709060555471094e+13	4.158060764372654461e+01	1.757199327248508069e+01
4.360676885718621875e+13	4.183120441682989110e+01	1.808713515152052054e+01
4.368644710881772656e+13	4.207883658251316206e+01	1.862182216260115908e+01
4.376612536044923438e+13	4.232278351635667946e+01	1.917668340649697001e+01
4.384580361208074219e+13	4.256224038139260557e+01	1.975245132388916858e+01
4.392548186371225000e+13	4.279632431124110070e+01	2.034986221152512087e+01
4.400516011534375000e+13	4.302405709120877475e+01	2.096968858336693842e+01
4.408483836697526562e+13	4.324435242095170651e+01	2.161273314763781883e+01
4.416451661860676562e+13	4.345608622911190366e+01	2.227961305716121032e+01
4.424419487023827344e+13	4.365800545293814139e+01	2.297102684484784874e+01
4.432387312186978125e+13	4.384875091348589393e+01	2.368764586008639839e+01
4.440355137350128906e+13	4.402682050727111118e+01	2.443016370009686256e+01
4.448322962513279688e+13	4.419058918641811573e+01	2.519921703275988634e+01
4.456290787676430469e+13	4.433839613929514911e+01	2.599523466413038619e+01
4.464258612839581250e+13	4.446840764353059683e+01	2.681867399687658349e+01
4.472226438002731250e+13	4.457866326290832149e+01	2.766990689354119226e+01
4.480194263165882812e+13	4.466700596965111458e+01	2.854928437443084732e+01
4.488162088329032812e+13	4.473118738209927869e+01	2.945697123603484968e+01
4.496129913492184375e+13	4.476893252525745481e+01	3.039289086308902199e+01
4.504097738655334375e+13	4.477777280018866435e+01	3.135690258061887192e+01
4.512065563818485156e+13	4.475512267821775225e+01	3.234869050365377774e+01
4.520033388981635938e+13	4.469815984861440228e+01	3.336783466507463913e+01
4.528001214144786719e+13	4.460409556112227136e+01	3.441357413940136212e+01
4.535969039307937500e+13	4.447014383333123533e+01	3.548486482882078974e+01
4.543936864471087500e+13	4.429336431409149810e+01	3.658047415832304239e+01
4.551904689634239062e+13	4.407077309077507721e+01	3.769888920697727031e+01
4.559872514797389062e+13	4.379915543427400593e+01	3.883837459568382400e+01
4.567840339960540625e+13	4.347559557554738774e+01	3.999673615336094201e+01
4.575808165123690625e+13	4.309724155937956880e+01	4.117146516204438456e+01
4.583775990286841406e+13	4.266122229936288335e+01	4.235975207055899006e+01
4.591743815449992188e+13	4.216478401981798640e+01	4.355843685372364860e+01
4.599711640613142969e+13	4.160502338450397275e+01	4.476401957485871463e+01
4.607679465776293750e+13	4.097974283302544052e+01	4.597257797678810221e+01
4.615647290939444531e+13	4.028689121111959537e+01	4.717988689097301602e+01
4.623615116102595312e+13	3.952462647576331989e+01	4.838140103249148183e+01
4.631582941265745312e+13	3.869144865266268596e+01	4.957226591076691591e+01
4.639550766428896875e+13	3.778585692662742446e+01	5.074723095152868524e+01
4.647518591592046875e+13	3.680749981223381440e+01	5.190094266836242554e+01
4.655486416755198438e+13	3.575622908779465092e+01	5.302781693385154682e+01
4.663454241918348438e+13	3.463234879695712465e+01	5.412209779489564454e+01
4.671422067081499219e+13	3.343669969455181246e+01	5.517792180982936401e+01
4.679389892244650000e+13	3.217027620415375111e+01	5.618907449116344566e+01
4.687357717407800781e+13	3.083548820589296824e+01	5.714987555103653705e+01
4.695325542570951562e+13	2.943492252196395498e+01	5.805450794262685577e+01
4.703293367734102344e+13	2.797174475478035660e+01	5.889729371485100273e+01
4.711261192897253125e+13	2.644967380235624077e+01	5.967273154977283411e+01
4.719229018060403125e+13	2.487277460546429353e+01	6.037523276148468199e+01
4.727196843223554688e+13	2.324623637106750706e+01	6.100034056826940088e+01
4.735164668386704688e+13	2.157542314376839343e+01	6.154363269864807506e+01
4.743132493549856250e+13	1.986616255715379253e+01	6.200115618493290981e+01
4.751100318713006250e+13	1.812466859100396377e+01	6.236937867750207687e+01
4.759068143876157031e+13	1.635749656507652361e+01	6.264507145794470944e+01
4.767035969039307812e+13	1.457171227333640395e+01	6.282644701876713356e+01
4.775003794202458594e+13	1.277445007251988862e+01	6.291192439894270194e+01
4.782971619365609375e+13	1.097300281013018797e+01	6.290059875127971623e+01
4.790939444528759375e+13	9.174766125284916640e+00	6.279209133515985286e+01
4.798907269691910938e+13	7.387211796794516339e+00	6.258665347436205195e+01
4.806875094855060938e+13	5.617637952786806999e+00	6.228591696104061981e+01
4.814842920018212500e+13	3.873205179966435541e+00	6.189178530959217994e+01
4.822810745181362500e+13	2.160846273408966844e+00	6.140683613717592948e+01
4.830778570344513281e+13	4.872981927589908890e-01	6.083409418031715177e+01
4.838746395507664062e+13	-1.141070318547994233e+00	6.017731385654320775e+01
4.846714220670814844e+13	-2.718595801169370940e+00	5.944121998096563431e+01
4.854682045833965625e+13	-4.239972016013232370e+00	5.863071223559135348e+01
4.862649870997116406e+13	-5.700445486765142178e+00	5.775112760851201443e+01
4.870617696160267188e+13	-7.095653020385036314e+00	5.680799889268412528e+01
4.878585521323417188e+13	-8.422030856393782017e+00	5.580737343464983269e+01
4.886553346486568750e+13	-9.676914719339421822e+00	5.475565773254735547e+01
4.894521171649718750e+13	-1.085809998532872633e+01	5.365919051762821113e+01
4.902488996812870312e+13	-1.196404201436186021e+01	5.252435858988632589e+01
4.910456821976020312e+13	-1.299356747002036450e+01	5.135742576513538182e+01
4.918424647139171094e+13	-1.394649373871541265e+01	5.016473290530664286e+01
4.926392472302321875e+13	-1.482333819788504314e+01	4.895243085871840805e+01
4.934360297465472656e+13	-1.562497778847265550e+01	4.772635302403127611e+01
4.942328122628623438e+13	-1.635278869249462019e+01	4.649204120852849087e+01
4.950295947791774219e+13	-1.700829683474919563e+01	4.525470968404081162e+01
4.958263772954925000e+13	-1.759390463382478131e+01	4.401923607564780383e+01
4.966231598118075000e+13	-1.811228754071893832e+01	4.279005689171722793e+01
4.974199423281226562e+13	-1.856625449410129036e+01	4.157119092410058414e+01
4.982167248444376562e+13	-1.895882316407073276e+01	4.036623799957656900e+01
4.990135073607528125e+13	-1.929289807898375742e+01	3.917847719591833311e+01
4.998102898770678125e+13	-1.957198868307161277e+01	3.801063476611439995e+01
5.006070723933828906e+13	-1.979949343151896812e+01	3.686505852436309993e+01
5.014038549096979688e+13	-1.997875023664925109e+01	3.574374078582876990e+01
5.022006374260130469e+13	-2.011307111460688901e+01	3.464831985253332647e+01
5.029974199423281250e+13	-2.020550029843993656e+01	3.358026008920094085e+01
5.037942024586431250e+13	-2.025943263079334145e+01	3.254043941942621387e+01
5.045909849749582812e+13	-2.027795678381971811e+01	3.152956922938109940e+01
5.053877674912732812e+13	-2.026401427150442558e+01	3.054813119062002968e+01
5.061845500075884375e+13	-2.022041178439874187e+01	2.959638853185965246e+01
5.069813325239034375e+13	-2.014966652159206717e+01	2.867459046017785695e+01
5.077781150402185156e+13	-2.005447210677410652e+01	2.778245557762206275e+01
5.085748975565335938e+13	-1.993719113419120248e+01	2.691973857073417875e+01
5.093716800728486719e+13	-1.980003550098350118e+01	2.608607148453749502e+01
5.101684625891637500e+13	-1.964505808612325666e+01	2.528100140911733007e+01
5.109652451054788281e+13	-1.947411280209386675e+01	2.450410240302438680e+01
5.117620276217939062e+13	-1.928907106765052859e+01	2.375459246403912417e+01
5.125588101381089062e+13	-1.909157207549185387e+01	2.303179077085297877e+01
5.133555926544240625e+13	-1.888312619302288198e+01	2.233497456436401407e+01
5.141523751707390625e+13	-1.866511114859185128e+01	2.166342111011995897e+01
5.149491576870542188e+13	-1.843877935187738260e+01	2.101643618728784091e+01
5.157459402033692188e+13	-1.820533956862870539e+01	2.039310976980983980e+01
5.165427227196842969e+13	-1.796585326273461547e+01	1.979264764841417801e+01
5.173395052359993750e+13	-1.772128762402062563e+01	1.921425568368559311e+01
5.181362877523144531e+13	-1.747251584033195115e+01	1.865718352616979914e+01
5.189330702686295312e+13	-1.722033446022749814e+01	1.812069223678724583e+01
5.197298527849445312e+13	-1.696548309914537711e+01	1.760392556060686786e+01
5.205266353012596875e+13	-1.670861463645300660e+01	1.710613207111264344e+01
5.213234178175746875e+13	-1.645031837484067694e+01	1.662657798937586762e+01
5.221202003338898438e+13	-1.619112418563519640e+01	1.616459113602366315e+01
5.229169828502048438e+13	-1.593151275438368408e+01	1.571948949594693090e+01
5.237137653665199219e+13	-1.567191465196625266e+01	1.529053854818045011e+01
5.245105478828350000e+13	-1.541271246488541991e+01	1.487708855148595610e+01
5.253073303991500781e+13	-1.515424788953677471e+01	1.447851224183074059e+01
5.261041129154651562e+13	-1.489682946312923306e+01	1.409424784132485975e+01
5.269008954317802344e+13	-1.464072961095223668e+01	1.372370532513712149e+01
5.276976779480953125e+13	-1.438618415373306014e+01	1.336628327326402754e+01
5.284944604644103125e+13	-1.413340391074683566e+01	1.302144438218593336e+01
5.292912429807254688e+13	-1.388257419541541005e+01	1.268867294972565851e+01
5.300880254970404688e+13	-1.363386566450673953e+01	1.236751605858916037e+01
5.308848080133556250e+13	-1.338741747811106109e+01	1.205747913417247474e+01
5.316815905296706250e+13	-1.314334652152160920e+01	1.175808155146673961e+01
5.324783730459857031e+13	-1.290175741830299927e+01	1.146888891213145811e+01
5.332751555623007812e+13	-1.266273925752421547e+01	1.118948547366755086e+01
5.340719380786158594e+13	-1.242637897733740360e+01	1.091951292786289862e+01
5.348687205949309375e+13	-1.219273223584592714e+01	1.065856277383523754e+01
5.356655031112460156e+13	-1.196184528328939400e+01	1.040625556307419153e+01
5.364622856275610938e+13	-1.173375861270681142e+01	1.016224380215090228e+01
5.372590681438760938e+13	-1.150850348435324655e+01	9.926195312437956275e+00
5.380558506601912500e+13	-1.128611723856735871e+01	9.697829292755258734e+00
5.388526331765062500e+13	-1.106660421286604468e+01	9.476810153910870227e+00
5.396494156928214062e+13	-1.084997006132150865e+01	9.262839876244568060e+00
5.404461982091364062e+13	-1.063621756928856676e+01	9.055641511990677017e+00
5.412429807254514844e+13	-1.042534421119224675e+01	8.854950367087271346e+00
5.420397632417665625e+13	-1.021735883429778724e+01	8.660547244026915337e+00
5.428365457580816406e+13	-1.001223498236050879e+01	8.472156451925320297e+00
5.436333282743967188e+13	-9.809956088474297786e+00	8.289544177253699075e+00
5.444301107907117188e+13	-9.610503605072565847e+00	8.112489604523501541e+00
5.452268933070268750e+13	-9.413856555465104137e+00	7.940782466271891771e+00
5.460236758233418750e+13	-9.220006768642766914e+00	7.774249174440149623e+00
5.468204583396570312e+13	-9.028911388879960143e+00	7.612665123845743231e+00
5.476172408559720312e+13	-8.840542238321404511e+00	7.455845759032878384e+00
5.484140233722871094e+13	-8.654869474321502665e+00	7.303614510106765323e+00
5.492108058886021875e+13	-8.471863910239759932e+00	7.155805787722691491e+00
5.500075884049172656e+13	-8.291504671741110499e+00	7.012275941091907328e+00
5.508043709212323438e+13	-8.113744118393348970e+00	6.872846894127748740e+00
5.516011534375474219e+13	-7.938547880086809450e+00	6.737370566856263565e+00
5.523979359538625000e+13	-7.765880898728039661e+00	6.605705151476282566e+00
5.531947184701775000e+13	-7.595711046546689715e+00	6.477719832952940848e+00
5.539915009864926562e+13	-7.428010012492830327e+00	6.353295044305570904e+00
5.547882835028076562e+13	-7.262729807452454445e+00	6.232289015450131586e+00
5.555850660191228125e+13	-7.099833890230050848e+00	6.114582327190587918e+00
5.563818485354378125e+13	-6.939285607665645728e+00	6.000060494348375961e+00
5.571786310517528906e+13	-6.781052911582605702e+00	5.888619787786037563e+00
5.579754135680679688e+13	-6.625103418107016751e+00	5.780160025913583688e+00
5.587721960843830469e+13	-6.471391239820008856e+00	5.674567829230734439e+00
5.595689786006981250e+13	-6.319880010436679463e+00	5.571746350887018195e+00
5.603657611170131250e+13	-6.170533580114045513e+00	5.471602638461995127e+00
5.611625436333282812e+13	-6.023321631294559886e+00	5.374054114468697740e+00
5.619593261496432812e+13	-5.878209849257453712e+00	5.279016250437393865e+00
5.627561086659584375e+13	-5.735155698656987155e+00	5.186397947094629757e+00
5.635528911822734375e+13	-5.594124301004161026e+00	5.096120203094315571e+00
5.643496736985885938e+13	-5.455081170500711174e+00	5.008107104739426774e+00
5.651464562149035938e+13	-5.317998544253968340e+00	4.922292652741234953e+00
5.659432387312186719e+13	-5.182841531309940741e+00	4.838605018450722106e+00
5.667400212475337500e+13	-5.049571482878864259e+00	4.756970664478845201e+00
5.675368037638488281e+13	-4.918155688134207004e+00	4.677324765119346139e+00
5.683335862801639062e+13	-4.788561912517833363e+00	4.599604955230650383e+00
5.691303687964789062e+13	-4.660765279583400478e+00	4.523758285022432268e+00
5.699271513127940625e+13	-4.534731167688915043e+00	4.449723288631028950e+00
5.707239338291090625e+13	-4.410424930840873614e+00	4.377440338572244904e+00
5.715207163454242188e+13	-4.287816322069824437e+00	4.306855929154065343e+00
5.723174988617392188e+13	-4.166875598655876978e+00	4.237918526278100728e+00
5.731142813780542969e+13	-4.047580816135924131e+00	4.170585499495069293e+00
5.739110638943693750e+13	-3.929898137747636522e+00	4.104803891725699927e+00
5.747078464106844531e+13	-3.813796800709142953e+00	4.040525148566358915e+00
5.755046289269995312e+13	-3.699249089801006196e+00	3.977704854236490561e+00
5.763014114433146094e+13	-3.586227789523645626e+00	3.916300181662720536e+00
5.770981939596296875e+13	-3.474713773036150144e+00	3.856276699416967269e+00
5.778949764759446875e+13	-3.364674289927592987e+00	3.797588482446963454e+00
5.786917589922598438e+13	-3.256082216356189551e+00	3.740195836153232367e+00
5.794885415085748438e+13	-3.148912305100736386e+00	3.684061685253732232e+00
5.802853240248900000e+13	-3.043139785950490062e+00	3.629150241903826846e+00
5.810821065412050000e+13	-2.938748152391465585e+00	3.575433619764731397e+00
5.818788890575200781e+13	-2.835705903129466243e+00	3.522871743644288234e+00
5.826756715738351562e+13	-2.733989251313677649e+00	3.471432043622053154e+00
5.834724540901502344e+13	-2.633575282203499679e+00	3.421083405719740789e+00
5.842692366064653125e+13	-2.534441925228935411e+00	3.371796092495621622e+00
5.850660191227803125e+13	-2.436573862670040835e+00	3.323546484324208627e+00
5.858628016390954688e+13	-2.339942113329906981e+00	3.276300386388207198e+00
5.866595841554104688e+13	-2.244525508200198249e+00	3.230030658911001051e+00
5.874563666717256250e+13	-2.150303294526991760e+00	3.184711056150478115e+00
5.882531491880406250e+13	-2.057256214084875356e+00	3.140317038628001267e+00
5.890499317043557031e+13	-1.965369033315277791e+00	3.096827657115171828e+00
5.898467142206707812e+13	-1.874616168862318188e+00	3.054214402054629574e+00
5.906434967369858594e+13	-1.784978467288137471e+00	3.012454289234619331e+00
5.914402792533009375e+13	-1.696437154631411648e+00	2.971525070161344928e+00
5.922370617696160156e+13	-1.608975486767969754e+00	2.931406437398464071e+00
5.930338442859310938e+13	-1.522578420363368545e+00	2.892079702964698740e+00
5.938306268022460938e+13	-1.437223407489726990e+00	2.853521016028812252e+00
5.946274093185612500e+13	-1.352893126713349936e+00	2.815710818951601357e+00
5.954241918348762500e+13	-1.269570600129546811e+00	2.778630162687456995e+00
5.962209743511914062e+13	-1.187241318361293763e+00	2.742262200742267009e+00
5.970177568675064062e+13	-1.105890499288621154e+00	2.706590172924385751e+00
5.978145393838214844e+13	-1.025498295991404740e+00	2.671594063541864461e+00
5.986113219001365625e+13	-9.460490422348668549e-01	2.637257154966831330e+00
5.994081044164516406e+13	-8.675273813407319290e-01	2.603563235540834686e+00
6.002048869327667188e+13	-7.899207826362234508e-01	2.570498301068808278e+00
6.010016694490817969e+13	-7.132147716118169001e-01	2.538047245597611301e+00
6.017984519653968750e+13	-6.373918986325090019e-01	2.506193224454943635e+00
6.025952344817118750e+13	-5.624379870910064527e-01	2.474921885557492374e+00
6.033920169980270312e+13	-4.883391385059547285e-01	2.444219299511426691e+00
6.041887995143420312e+13	-4.150845695603926355e-01	2.414073805683903284e+00
6.049855820306571875e+13	-3.426601424332261225e-01	2.384471726487533250e+00
6.057823645469721875e+13	-2.710505318401404962e-01	2.355398850099244434e+00
6.065791470632872656e+13	-2.002428985272827477e-01	2.326842804192909675e+00
6.073759295796023438e+13	-1.302246526915438740e-01	2.298791571204751083e+00
6.081727120959174219e+13	-6.098655134203573303e-02	2.271235430107090725e+00
6.089694946122325000e+13	7.485189802596609564e-03	2.244161943973416840e+00
6.097662771285475000e+13	7.520401519400488066e-02	2.217559095644640710e+00
6.105630596448626562e+13	1.421815651050797047e-01	2.191416177284776445e+00
6.113598421611776562e+13	2.084292562745557187e-01	2.165722780140979076e+00
6.121566246774928125e+13	2.739549754190376829e-01	2.140470794123807696e+00
6.129534071938078125e+13	3.387721450683411906e-01	2.115648865999009143e+00
6.137501897101228906e+13	4.028925450676466014e-01	2.091246814858783498e+00
6.145469722264379688e+13	4.663267414327725846e-01	2.067255338458274139e+00
6.153437547427530469e+13	5.290850999201197613e-01	2.043665387777201747e+00
6.161405372590681250e+13	5.911743138635054962e-01	2.020470195096042421e+00
6.169373197753832031e+13	6.526074419246612468e-01	1.997659358804123819e+00
6.177341022916982812e+13	7.133947907230092644e-01	1.975224239790495107e+00
6.185308848080132812e+13	7.735459638234772894e-01	1.953156727785682500e+00
6.193276673243284375e+13	8.330703853444014761e-01	1.931448927799840565e+00
6.201244498406434375e+13	8.919736989672286676e-01	1.910095194114133532e+00
6.209212323569585938e+13	9.502686016493236965e-01	1.889085964964936970e+00
6.217180148732735938e+13	1.007964095831240359e+00	1.868413900107278591e+00
6.225147973895886719e+13	1.065068922487146796e+00	1.848071904188967052e+00
6.233115799059037500e+13	1.121591394244362494e+00	1.828053213114433584e+00
6.241083624222188281e+13	1.177537034086509227e+00	1.808352679086895787e+00
6.249051449385339062e+13	1.232917380030652543e+00	1.788961927589985512e+00
6.257019274548489844e+13	1.287740546941248843e+00	1.769874568497893819e+00
6.264987099711640625e+13	1.342014502182636848e+00	1.751084373972600305e+00
6.272954924874791406e+13	1.395746487241911193e+00	1.732585584282371860e+00
6.280922750037941406e+13	1.448942155518747166e+00	1.714373352462528199e+00
6.288890575201092188e+13	1.501611753498310442e+00	1.696440456795839102e+00
6.296858400364242969e+13	1.553762686570886231e+00	1.678781274280330083e+00
6.304826225527393750e+13	1.605402227667425352e+00	1.661390321356662980e+00
6.312794050690544531e+13	1.656536668361731968e+00	1.644262691106998631e+00
6.320761875853695312e+13	1.707171758707679343e+00	1.627393810552076214e+00
6.328729701016846094e+13	1.757316593844451713e+00	1.610777442993805764e+00
6.336697526179996875e+13	1.806977941760129713e+00	1.594408625467284235e+00
6.344665351343147656e+13	1.856162451355864551e+00	1.578282515240974959e+00
6.352633176506298438e+13	1.904875571247679034e+00	1.562394931461304592e+00
6.360601001669448438e+13	1.953123119619836201e+00	1.546741551792660596e+00
6.368568826832599219e+13	2.000913164237263953e+00	1.531316983593653092e+00
6.376536651995750000e+13	2.048251899761799777e+00	1.516116833757913618e+00
6.384504477158900781e+13	2.095145413657733435e+00	1.501136813197960995e+00
6.392472302322051562e+13	2.141598405979946218e+00	1.486373360751585659e+00
6.400440127485202344e+13	2.187616738903491509e+00	1.471822384288786312e+00
6.408407952648353125e+13	2.233207562520154177e+00	1.457479216380398901e+00
6.416375777811503906e+13	2.278376555142355375e+00	1.443339957549315322e+00
6.424343602974654688e+13	2.323129298459764236e+00	1.429400798599860245e+00
6.432311428137805469e+13	2.367469827326607046e+00	1.415658708495961760e+00
6.440279253300955469e+13	2.411404027457377364e+00	1.402109807299375843e+00
6.448247078464106250e+13	2.454938228423132252e+00	1.388750052262006429e+00
6.456214903627257031e+13	2.498077642875992321e+00	1.375575972862132401e+00
6.464182728790407812e+13	2.540827396257166360e+00	1.362584177178942202e+00
6.472150553953558594e+13	2.583190931889659314e+00	1.349772088653261815e+00
6.480118379116709375e+13	2.625174141693068730e+00	1.337136023563743725e+00
6.488086204279860156e+13	2.666782620839166729e+00	1.324672478532550546e+00
6.496054029443010938e+13	2.708021161448365355e+00	1.312378356929701839e+00
6.504021854606161719e+13	2.748894476814089938e+00	1.300250630760365622e+00
6.511989679769312500e+13	2.789405483890121662e+00	1.288287113856385613e+00
6.519957504932463281e+13	2.829560066111424188e+00	1.276484304466134700e+00
6.527925330095613281e+13	2.869363160674411883e+00	1.264839165966756385e+00
6.535893155258764062e+13	2.908819179382989173e+00	1.253348928579441246e+00
6.543860980421914844e+13	2.947932462689858202e+00	1.242010882629628554e+00
6.551828805585065625e+13	2.986705458872027208e+00	1.230823177896163134e+00
6.559796630748216406e+13	3.025144030441717202e+00	1.219782481824302378e+00
6.567764455911367188e+13	3.063252524515482467e+00	1.208886162557259780e+00
6.575732281074517969e+13	3.101035008455478970e+00	1.198131736849638029e+00
6.583700106237668750e+13	3.138495484946300262e+00	1.187516774234343098e+00
6.591667931400819531e+13	3.175635984719742844e+00	1.177039714059606501e+00
6.599635756563970312e+13	3.212462338850144761e+00	1.166697381461520244e+00
6.607603581727120312e+13	3.248978364764428584e+00	1.156487496284708483e+00
6.615571406890271094e+13	3.285187817423311785e+00	1.146407827152708725e+00
6.623539232053421875e+13	3.321094208991173247e+00	1.136456266597275055e+00
6.631507057216572656e+13	3.356699750270321747e+00	1.126631271607129392e+00
6.639474882379723438e+13	3.392009679778132281e+00	1.116930046919998976e+00
6.647442707542874219e+13	3.427027523115407703e+00	1.107350541095679430e+00
6.655410532706025000e+13	3.461756751492798490e+00	1.097890744732460622e+00
6.663378357869175781e+13	3.496200433689720999e+00	1.088548832870756877e+00
6.671346183032326562e+13	3.530360943539994523e+00	1.079323280595220647e+00
6.679314008195477344e+13	3.564242976880693803e+00	1.070211628424448502e+00
6.687281833358627344e+13	3.597849796328268734e+00	1.061212025896548061e+00
6.695249658521778125e+13	3.631184614997682303e+00	1.052322659728900822e+00
6.703217483684928906e+13	3.664250102687764521e+00	1.043541951603442541e+00
6.711185308848079688e+13	3.697048774176931119e+00	1.034868397824051156e+00
6.719153134011230469e+13	3.729584834296054474e+00	1.026299833848373755e+00
6.727120959174381250e+13	3.761861306182005649e+00	1.017834587127337986e+00
6.735088784337532031e+13	3.793881167855702063e+00	1.009471018071788073e+00
6.743056609500682812e+13	3.825646729813618308e+00	1.001207764021779578e+00
6.751024434663833594e+13	3.857160628166559579e+00	9.930433450113216320e-01
6.758992259826984375e+13	3.888426623049674014e+00	9.849758560169005195e-01
6.766960084990134375e+13	3.919447519217645226e+00	9.770037823530230980e-01
6.774927910153285156e+13	3.950226080248913973e+00	9.691256386205246987e-01
6.782895735316435938e+13	3.980764292836098228e+00	9.613402509924087180e-01
6.790863560479586719e+13	4.011064896993397966e+00	9.536461652224819119e-01
6.798831385642737500e+13	4.041131249717857088e+00	9.460417050165457198e-01
6.806799210805888281e+13	4.070965956344815950e+00	9.385254960792545065e-01
6.814767035969039062e+13	4.100571584577475726e+00	9.310961901949387221e-01
6.822734861132189844e+13	4.129949829102078418e+00	9.237527790944138895e-01
6.830702686295340625e+13	4.159103518336594085e+00	9.164938357978351657e-01
6.838670511458491406e+13	4.188035643480568559e+00	9.093178859166018979e-01
6.846638336621642188e+13	4.216748627517936221e+00	9.022236802782097609e-01
6.854606161784792188e+13	4.245244858993213022e+00	8.952099929837719072e-01
6.862573986947942969e+13	4.273525769102526795e+00	8.882759610854270571e-01
6.870541812111093750e+13	4.301594260875669207e+00	8.814201860400853183e-01
6.878509637274244531e+13	4.329038976700026353e+00	8.747917459001176566e-01
6.886477462437395312e+13	4.356332632505910851e+00	8.682182499998334357e-01
6.894445287600546094e+13	4.383626288311794461e+00	8.616447540995492149e-01
6.902413112763696875e+13	4.410919944117678071e+00	8.550712581992648831e-01
6.910380937926847656e+13	4.438213599923562569e+00	8.484977622989806623e-01
6.918348763089998438e+13	4.465507255729446179e+00	8.419242663986963304e-01
6.926316588253149219e+13	4.491956934209368590e+00	8.356527669996529628e-01
6.934284413416299219e+13	4.518061002660234138e+00	8.295049356380773675e-01
6.942252238579450000e+13	4.544165071111101462e+00	8.233571042765012171e-01
6.950220063742600781e+13	4.570269139561968785e+00	8.172092729149249557e-01
6.958187888905751562e+13	4.596373208012836997e+00	8.110614415533486943e-01
6.966155714068902344e+13	4.622477276463704321e+00	8.049136101917724329e-01
6.974123539232053125e+13	4.647853767164423999e+00	7.990199942768447805e-01
6.982091364395203906e+13	4.672841791452471583e+00	7.932621084094412245e-01
6.990059189558354688e+13	4.697829815740519166e+00	7.875042225420377795e-01
6.998027014721505469e+13	4.722817840028566749e+00	7.817463366746342235e-01
7.005994839884656250e+13	4.747805864316614333e+00	7.759884508072307785e-01
7.013962665047806250e+13	4.772793888604659251e+00	7.702305649398277776e-01
7.021930490210957031e+13	4.797158800796392342e+00	7.646853969942248863e-01
7.029898315374107812e+13	4.821098486395941407e+00	7.592853928442195866e-01
7.037866140537259375e+13	4.845038171995492249e+00	7.538853886942137317e-01
7.045833965700409375e+13	4.868977857595039538e+00	7.484853845442088760e-01
7.053801790863559375e+13	4.892917543194585939e+00	7.430853803942040203e-01
7.061769616026710938e+13	4.916857228794136780e+00	7.376853762441981655e-01
7.069737441189862500e+13	4.940267642054702257e+00	7.324620096390703772e-01
7.077705266353012500e+13	4.963221415980781259e+00	7.273910402876755388e-01
7.085673091516162500e+13	4.986175189906860261e+00	7.223200709362805894e-01
7.093640916679312500e+13	5.009128963832938375e+00	7.172491015848856399e-01
7.101608741842464062e+13	5.032082737759021818e+00	7.121781322334898023e-01
7.109576567005615625e+13	5.055036511685105260e+00	7.071071628820938537e-01
7.117544392168765625e+13	5.077545376695780988e+00	7.021814311122582808e-01
7.125512217331915625e+13	5.099570884728467313e+00	6.974134880404746495e-01
7.133480042495067188e+13	5.121596392761158079e+00	6.926455449686900190e-01
7.141447867658218750e+13	5.143621900793848845e+00	6.878776018969053885e-01
7.149415692821368750e+13	5.165647408826535170e+00	6.831096588251217572e-01
7.157383517984518750e+13	5.187672916859221495e+00	6.783417157533381259e-01
7.165351343147670312e+13	5.209329415275379738e+00	6.736916625135735970e-01
7.173319168310821875e+13	5.230479964880053068e+00	6.692032479350376040e-01
7.181286993473971875e+13	5.251630514484722845e+00	6.647148333565026102e-01
7.189254818637121875e+13	5.272781064089391734e+00	6.602264187779675053e-01
7.197222643800271875e+13	5.293931613694061511e+00	6.557380041994324005e-01
7.205190468963423438e+13	5.315082163298734841e+00	6.512495896208964075e-01
7.213158294126575000e+13	5.335932031371569906e+00	6.468552322840896984e-01
7.221126119289725000e+13	5.356256986988793045e+00	6.426250746486159571e-01
7.229093944452875000e+13	5.376581942606015296e+00	6.383949170131421047e-01
7.237061769616026562e+13	5.396906898223241100e+00	6.341647593776674752e-01
7.245029594779178125e+13	5.417231853840467792e+00	6.299346017421928456e-01
7.252997419942328125e+13	5.437556809457690044e+00	6.257044441067191043e-01
7.260965245105478125e+13	5.457642629500194076e+00	6.215475660005470582e-01
7.268933070268628125e+13	5.477187765977549638e+00	6.175563723066667121e-01
7.276900895431779688e+13	5.496732902454908753e+00	6.135651786127855889e-01
7.284868720594931250e+13	5.516278038932267869e+00	6.095739849189044657e-01
7.292836545758081250e+13	5.535823175409623431e+00	6.055827912250241196e-01
7.300804370921231250e+13	5.555368311886978994e+00	6.015915975311437736e-01
7.308772196084382812e+13	5.574729775171500812e+00	5.976555651053327978e-01
7.316740021247534375e+13	5.593537594339275110e+00	5.938858046926978052e-01
7.324707846410684375e+13	5.612345413507044967e+00	5.901160442800635897e-01
7.332675671573834375e+13	5.631153232674814824e+00	5.863462838674292632e-01
7.340643496736984375e+13	5.649961051842584681e+00	5.825765234547950477e-01
7.348611321900135938e+13	5.668768871010358090e+00	5.788067630421600551e-01
7.356579147063287500e+13	5.687443015246341993e+00	5.750763646000418561e-01
7.364546972226437500e+13	5.705553029979689939e+00	5.715120799427076959e-01
7.372514797389587500e+13	5.723663044713037884e+00	5.679477952853735356e-01
7.380482622552739062e+13	5.741773059446388494e+00	5.643835106280387093e-01
7.388450447715890625e+13	5.759883074179739992e+00	5.608192259707037719e-01
7.396418272879040625e+13	5.777993088913087938e+00	5.572549413133696117e-01
7.404386098042190625e+13	5.796014513072528018e+00	5.537162444693501939e-01
7.412353923205342188e+13	5.813463502617489453e+00	5.503428851934711874e-01
7.420321748368492188e+13	5.830912492162447336e+00	5.469695259175928470e-01
7.428289573531643750e+13	5.848361481707408771e+00	5.435961666417138405e-01
7.436257398694793750e+13	5.865810471252366654e+00	5.402228073658356111e-01
7.444225223857943750e+13	5.883259460797325424e+00	5.368494480899572707e-01
7.452193049021095312e+13	5.900660519723904152e+00	5.334896735248949584e-01
7.460160874184246875e+13	5.917482759579036689e+00	5.302939504568959794e-01
7.468128699347396875e+13	5.934304999434166561e+00	5.270982273888976666e-01
7.476096524510546875e+13	5.951127239289295545e+00	5.239025043208992427e-01
7.484064349673698438e+13	5.967949479144428082e+00	5.207067812529002637e-01
7.492032174836850000e+13	5.984771718999560619e+00	5.175110581849013958e-01
7.500000000000000000e+13	6.001582699948812660e+00	5.143184676173981895e-01
